	20.0	21.0	22.0	23.0	24.0	25.0	26.0	27.0	28.0	29.0	30.0	31.0	32.0	33.0	34.0	35.0	36.0	37.0	38.0	39.0	40.0
Sde-CMat_061-Ex1-7A-ssl.clmp.r1	26.0	1103.0	25603.0	144072.0	323127.0	480681.0	623736.0	776520.0	946559.0	1133944.0	1335865.0	1546602.0	1774881.0	2026905.0	2309057.0	2641108.0	3035520.0	3513651.0	4153346.0	5151550.0	4884737.0
	19.0	20.0	21.0	22.0	23.0	24.0	25.0	26.0	27.0	28.0	29.0	30.0	31.0	32.0	33.0	34.0	35.0	36.0	37.0	38.0	39.0	40.0
Sde-CMat_061-Ex1-7A-ssl.clmp.r2	2.0	131.0	8744.0	140313.0	431079.0	598461.0	704775.0	799811.0	892415.0	991834.0	1103897.0	1229073.0	1370136.0	1534653.0	1729945.0	1964424.0	2253750.0	2636600.0	3138341.0	3816127.0	4878183.0	6605899.0
	19.0	20.0	21.0	22.0	23.0	24.0	25.0	26.0	27.0	28.0	29.0	30.0	31.0	32.0	33.0	34.0	35.0	36.0	37.0	38.0	39.0	40.0
Sde-CMat_061-Ex1-8A-ssl.clmp.r1	1.0	41.0	2798.0	65699.0	369828.0	818211.0	1206372.0	1564308.0	1940870.0	2355517.0	2814201.0	3306034.0	3828209.0	4380100.0	4980032.0	5671454.0	6483274.0	7458687.0	8654137.0	10268127.0	12850168.0	11967602.0
	19.0	20.0	21.0	22.0	23.0	24.0	25.0	26.0	27.0	28.0	29.0	30.0	31.0	32.0	33.0	34.0	35.0	36.0	37.0	38.0	39.0	40.0
Sde-CMat_061-Ex1-8A-ssl.clmp.r2	11.0	332.0	19146.0	302190.0	929255.0	1313565.0	1569509.0	1799546.0	2031396.0	2278899.0	2563601.0	2886265.0	3244241.0	3659729.0	4157766.0	4759641.0	5523988.0	6540746.0	7939426.0	9928116.0	13011140.0	16527162.0
	20.0	21.0	22.0	23.0	24.0	25.0	26.0	27.0	28.0	29.0	30.0	31.0	32.0	33.0	34.0	35.0	36.0	37.0	38.0	39.0	40.0
Sde-CMat_061-Ex1-9A-ssl.clmp.r1	27.0	1020.0	24222.0	135434.0	305834.0	455371.0	592492.0	736165.0	892872.0	1068718.0	1252616.0	1449374.0	1658971.0	1885606.0	2142853.0	2440952.0	2797998.0	3235028.0	3831918.0	4841422.0	4621815.0
	18.0	19.0	20.0	21.0	22.0	23.0	24.0	25.0	26.0	27.0	28.0	29.0	30.0	31.0	32.0	33.0	34.0	35.0	36.0	37.0	38.0	39.0	40.0
Sde-CMat_061-Ex1-9A-ssl.clmp.r2	1.0	1.0	118.0	7682.0	123677.0	378897.0	533400.0	635882.0	724840.0	811932.0	903538.0	1008895.0	1126636.0	1256373.0	1408581.0	1588934.0	1803281.0	2074759.0	2428052.0	2900215.0	3545203.0	4633711.0	6476100.0

