NC_060686.1@rrnS	NODE_9611_length_14223_cov_1306.942226	99.16	953	8	0	1	953	4297	5249	0.0	 1716
NC_060686.1@rrnS	NODE_6236_length_17540_cov_8.098160	83.52	965	129	26	1	953	5175	4229	0.0	  874
NC_060686.1@rrnS	NODE_67987_length_2522_cov_2.609575	79.94	972	159	28	1	953	2194	1240	0.0	  682
NC_060686.1@rrnS	NODE_6222_length_17552_cov_185.565920	79.63	972	158	31	1	951	15229	14277	0.0	  662
NC_060686.1@rrnS	NODE_143563_length_648_cov_0.774135	84.51	497	68	9	1	494	491	1	3e-134	  483
NC_060686.1@rrnS	NODE_107816_length_963_cov_1.054398	81.46	561	84	15	1	556	418	963	5e-122	  442
NC_060686.1@rrnS	NODE_84084_length_1665_cov_1.289911	99.48	191	1	0	308	498	191	1	1e-93	  348
NC_060686.1@rrnS	NODE_94803_length_1270_cov_1.572161	76.12	448	88	17	510	946	1270	831	3e-54	  217
NC_060686.1@rrnS	NODE_19243_length_9438_cov_5.475533	100.00	94	0	0	627	720	1	94	2e-41	  174
NC_060686.1@rrnS	NODE_3806_length_21426_cov_7.914006	100.00	54	0	0	1	54	54	1	3e-19	  100
NC_060686.1@rrnL	NODE_9611_length_14223_cov_1306.942226	98.74	1669	20	1	1	1669	5346	7013	0.0	 2964
NC_060686.1@rrnL	NODE_6236_length_17540_cov_8.098160	85.13	1614	209	28	44	1642	4089	2492	0.0	 1622
NC_060686.1@rrnL	NODE_67987_length_2522_cov_2.609575	82.43	1110	166	23	44	1134	1100	1	0.0	  942
NC_060686.1@rrnL	NODE_49349_length_4025_cov_1.640601	82.48	565	65	28	1087	1632	3	552	2e-128	  464
NC_060686.1@rrnL	NODE_6222_length_17552_cov_185.565920	74.22	1117	233	40	55	1149	14129	13046	5e-114	  416
NC_060686.1@rrnL	NODE_6222_length_17552_cov_185.565920	92.78	263	18	1	1309	1570	12898	12636	7e-103	  379
NC_060686.1@rrnL	NODE_128110_length_733_cov_1.018927	79.56	597	97	22	3	588	111	693	4e-110	  403
NC_060686.1@rrnL	NODE_90180_length_1421_cov_3.303328	91.47	211	16	1	1441	1651	1421	1213	1e-75	  289
NC_060686.1@rrnL	NODE_523471_length_284_cov_1.329730	85.71	273	25	9	50	316	265	1	9e-72	  276
NC_060686.1@rrnL	NODE_94803_length_1270_cov_1.572161	84.68	222	29	5	52	271	220	2	6e-54	  217
NC_060686.1@rrnL	NODE_674389_length_253_cov_1.467532	86.22	196	19	8	51	242	58	249	1e-50	  206
NC_060686.1@rrnL	NODE_75994_length_2060_cov_4.509944	100.00	97	0	0	223	319	1	97	8e-43	  180
NC_060686.1@rrnL	NODE_646000_length_258_cov_1.194969	82.14	196	34	1	1216	1411	64	258	6e-39	  167
NC_060686.1@rrnL	NODE_380188_length_337_cov_1.714286	88.89	117	10	3	1035	1149	2	117	4e-31	  141
NC_060686.1@rrnL	NODE_80736_length_1821_cov_4.328688	100.00	54	0	0	1465	1518	1768	1821	6e-19	  100
NC_060686.1@rrnL	NODE_83358_length_1697_cov_5.353567	100.00	33	0	0	1273	1305	33	1	3e-07	62.1
NC_060686.1@ND1	NODE_9611_length_14223_cov_1306.942226	93.85	975	60	0	1	975	7088	8062	0.0	 1469
NC_060686.1@ND2	NODE_9611_length_14223_cov_1306.942226	93.50	1046	68	0	1	1046	8280	9325	0.0	 1555
NC_060686.1@COX1	NODE_9611_length_14223_cov_1306.942226	97.49	1551	39	0	1	1551	9710	11260	0.0	 2649
NC_060686.1@COX1	NODE_6236_length_17540_cov_8.098160	82.66	1551	269	0	1	1551	16261	14711	0.0	 1375
NC_060686.1@COX1	NODE_6222_length_17552_cov_185.565920	81.39	1542	287	0	1	1542	9837	8296	0.0	 1258
NC_060686.1@COX1	NODE_172817_length_551_cov_1.238938	82.39	545	96	0	172	716	7	551	8e-132	  475
NC_060686.1@COX1	NODE_54936_length_3507_cov_4.833040	98.86	88	1	0	212	299	89	2	3e-36	  158
NC_060686.1@COX1	NODE_141484_length_657_cov_2.021505	100.00	76	0	0	891	966	582	657	3e-31	  141
NC_060686.1@COX1	NODE_35829_length_5718_cov_5.849617	96.72	61	2	0	624	684	5658	5718	2e-19	  102
NC_060686.1@COX1	NODE_89195_length_1457_cov_3.687776	94.87	39	1	1	352	389	1457	1419	1e-06	60.2
NC_060686.1@COX2	NODE_9611_length_14223_cov_1306.942226	98.12	691	13	0	1	691	11434	12124	0.0	 1205
NC_060686.1@COX2	NODE_90578_length_1407_cov_5.314985	96.97	99	3	0	328	426	99	1	2e-39	  167
NC_060686.1@COX2	NODE_594324_length_267_cov_1.351190	100.00	70	0	0	142	211	267	198	3e-28	  130
NC_060686.1@ATP8	NODE_9611_length_14223_cov_1306.942226	97.62	168	4	0	1	168	12200	12367	1e-76	  289
NC_060686.1@ATP6	NODE_9611_length_14223_cov_1306.942226	93.73	686	39	3	1	684	12358	13041	0.0	 1026
NC_060686.1@COX3	NODE_9611_length_14223_cov_1306.942226	94.65	785	42	0	1	785	13041	13825	0.0	 1218
NC_060686.1@COX3	NODE_6236_length_17540_cov_8.098160	82.67	779	135	0	1	779	12946	12168	0.0	  691
NC_060686.1@COX3	NODE_11717_length_12777_cov_2.950150	82.07	781	136	4	1	779	7747	6969	0.0	  664
NC_060686.1@COX3	NODE_99572_length_1135_cov_1.614865	81.13	705	133	0	1	705	705	1	2e-159	  566
NC_060686.1@COX3	NODE_604130_length_265_cov_3.987952	84.19	215	34	0	148	362	223	9	4e-52	  209
NC_060686.1@COX3	NODE_696859_length_250_cov_0.675497	80.16	247	49	0	200	446	1	247	8e-45	  185
NC_060686.1@ND3	NODE_9611_length_14223_cov_1306.942226	93.88	327	20	0	1	327	13897	14223	5e-138	  494
NC_060686.1@ND4L	NODE_80188_length_1846_cov_1542.163709	95.96	297	12	0	1	297	1655	1359	9e-135	  483
NC_060686.1@ND4	NODE_80188_length_1846_cov_1542.163709	93.70	1365	86	0	1	1365	1365	1	0.0	 2045
NC_060686.1@ND4	NODE_1114_length_32464_cov_38.804449	95.65	115	5	0	1267	1381	32464	32350	1e-44	  185
NC_060686.1@ND4	NODE_31590_length_6422_cov_5.199272	94.95	99	5	0	1267	1365	6422	6324	1e-35	  156
NC_060686.1@ND5	NODE_9611_length_14223_cov_1306.942226	95.31	1472	69	0	368	1839	1	1472	0.0	 2337
NC_060686.1@ND5	NODE_6236_length_17540_cov_8.098160	79.40	1830	351	25	1	1817	9782	7966	0.0	 1267
NC_060686.1@ND5	NODE_1114_length_32464_cov_38.804449	94.85	466	24	0	1	466	32135	31670	0.0	  728
NC_060686.1@ND5	NODE_590625_length_268_cov_1.159763	93.54	263	17	0	484	746	4	266	1e-106	  392
NC_060686.1@ND5	NODE_48490_length_4113_cov_7.473842	94.12	136	8	0	1338	1473	136	1	4e-51	  207
NC_060686.1@ND5	NODE_477563_length_298_cov_2.417085	94.59	37	2	0	1372	1408	1	37	4e-06	58.4
NC_060686.1@ND6	NODE_9611_length_14223_cov_1306.942226	92.53	522	39	0	1	522	1990	1469	0.0	  749
NC_060686.1@CYTB	NODE_9611_length_14223_cov_1306.942226	95.88	1141	47	0	1	1141	2064	3204	0.0	 1847
NC_060686.1@CYTB	NODE_53193_length_3665_cov_1.393718	79.81	1139	226	4	1	1137	2273	1137	0.0	  826
NC_060686.1@CYTB	NODE_11717_length_12777_cov_2.950150	80.07	1089	217	0	1	1089	2150	1062	0.0	  809
NC_060686.1@CYTB	NODE_368266_length_343_cov_1.508197	81.12	339	60	4	742	1078	340	4	1e-69	  268
NC_060686.1@CYTB	NODE_525838_length_284_cov_0.610811	81.07	280	53	0	421	700	5	284	2e-56	  224
