	16.0	17.0	18.0	19.0	20.0	21.0	22.0	23.0	24.0	25.0	26.0	27.0	28.0	29.0	30.0	31.0	32.0	33.0	34.0	35.0	36.0	37.0	38.0	39.0	40.0
Hte-CJol_087-Ex1-2H-SSL-1-1-L4-1	4.0	147.0	1752.0	7569.0	19014.0	33413.0	53111.0	72179.0	94449.0	110847.0	134014.0	152696.0	183602.0	212151.0	277772.0	400163.0	686931.0	1072214.0	1595083.0	1872272.0	1650067.0	1695697.0	3652309.0	16778088.0	4062736.0
	14.0	15.0	16.0	17.0	18.0	19.0	20.0	21.0	22.0	23.0	24.0	25.0	26.0	27.0	28.0	29.0	30.0	31.0	32.0	33.0	34.0	35.0	36.0	37.0	38.0	39.0	40.0
Hte-CJol_087-Ex1-2H-SSL-1-1-L4-2	27.0	475.0	6164.0	29879.0	67834.0	95262.0	114368.0	114154.0	121561.0	125978.0	138387.0	145379.0	162322.0	172576.0	196159.0	208973.0	237602.0	262678.0	347654.0	584305.0	956684.0	1051519.0	1307670.0	2209558.0	5932326.0	18665289.0	1563497.0
	16.0	17.0	18.0	19.0	20.0	21.0	22.0	23.0	24.0	25.0	26.0	27.0	28.0	29.0	30.0	31.0	32.0	33.0	34.0	35.0	36.0	37.0	38.0	39.0	40.0
Hte-CJol_087-Ex1-2H-SSL-1-1-L5-1	5.0	151.0	1792.0	7630.0	19317.0	33874.0	53658.0	72723.0	95580.0	111158.0	134666.0	152829.0	183682.0	213015.0	279391.0	403237.0	692666.0	1074320.0	1588541.0	1853171.0	1648169.0	1704924.0	3649537.0	16645371.0	4122494.0
	14.0	15.0	16.0	17.0	18.0	19.0	20.0	21.0	22.0	23.0	24.0	25.0	26.0	27.0	28.0	29.0	30.0	31.0	32.0	33.0	34.0	35.0	36.0	37.0	38.0	39.0	40.0
Hte-CJol_087-Ex1-2H-SSL-1-1-L5-2	22.0	465.0	5937.0	28655.0	65966.0	92935.0	111582.0	112141.0	119457.0	124397.0	136883.0	143985.0	160091.0	170622.0	192467.0	205365.0	232428.0	254526.0	325220.0	524140.0	875550.0	1012176.0	1283370.0	2147243.0	5730267.0	18872386.0	1813625.0
	17.0	18.0	19.0	20.0	21.0	22.0	23.0	24.0	25.0	26.0	27.0	28.0	29.0	30.0	31.0	32.0	33.0	34.0	35.0	36.0	37.0	38.0	39.0	40.0
Hte-CMvi_008-Ex1-3H-SSL-1-1-L4-1	5.0	61.0	340.0	946.0	2072.0	3451.0	5217.0	7390.0	8905.0	10922.0	13048.0	15822.0	17850.0	21538.0	26445.0	37561.0	53495.0	81210.0	114216.0	134595.0	166570.0	395209.0	1984384.0	447985.0
	14.0	15.0	16.0	17.0	18.0	19.0	20.0	21.0	22.0	23.0	24.0	25.0	26.0	27.0	28.0	29.0	30.0	31.0	32.0	33.0	34.0	35.0	36.0	37.0	38.0	39.0	40.0
Hte-CMvi_008-Ex1-3H-SSL-1-1-L4-2	1.0	23.0	348.0	1556.0	3524.0	5177.0	6320.0	6669.0	7702.0	8188.0	10014.0	11202.0	13120.0	14204.0	16490.0	17782.0	20129.0	22265.0	28866.0	43490.0	67127.0	77384.0	107121.0	194390.0	569364.0	2105601.0	191180.0
	17.0	18.0	19.0	20.0	21.0	22.0	23.0	24.0	25.0	26.0	27.0	28.0	29.0	30.0	31.0	32.0	33.0	34.0	35.0	36.0	37.0	38.0	39.0	40.0
Hte-CMvi_008-Ex1-3H-SSL-1-1-L5-1	4.0	68.0	335.0	1010.0	2006.0	3473.0	5206.0	7199.0	8661.0	10818.0	12733.0	15577.0	17686.0	21404.0	26824.0	37933.0	53787.0	81282.0	113425.0	134137.0	168210.0	395292.0	1970592.0	454481.0
	14.0	15.0	16.0	17.0	18.0	19.0	20.0	21.0	22.0	23.0	24.0	25.0	26.0	27.0	28.0	29.0	30.0	31.0	32.0	33.0	34.0	35.0	36.0	37.0	38.0	39.0	40.0
Hte-CMvi_008-Ex1-3H-SSL-1-1-L5-2	2.0	23.0	344.0	1483.0	3461.0	4888.0	6128.0	6531.0	7456.0	8347.0	10107.0	11212.0	13107.0	14059.0	16027.0	17511.0	19971.0	22078.0	27265.0	40101.0	62761.0	74367.0	104672.0	185574.0	540683.0	2116847.0	227138.0

