MN066612.1@CYTB	NODE_12798_length_16496_cov_1844.825700	86.87	1142	148	2	1	1141	11260	12400	0.0	 1277
MN066612.1@CYTB	NODE_12980_length_16364_cov_5.836582	78.14	956	197	8	1	950	4650	3701	1e-168	  597
MN066612.1@rRNA	NODE_12798_length_16496_cov_1844.825700	97.16	952	25	2	3	952	13461	14412	0.0	 1607
MN066612.1@rRNA	NODE_12980_length_16364_cov_5.836582	82.14	963	133	32	3	949	2456	1517	0.0	  789
MN066612.1@rRNA	NODE_12668_length_16595_cov_8.489634	77.38	986	169	40	3	951	916	1884	2e-150	  536
MN066612.1@rRNA	NODE_12798_length_16496_cov_1844.825700	94.73	1689	84	5	3	1689	14491	16176	0.0	 2621
MN066612.1@rRNA	NODE_12980_length_16364_cov_5.836582	76.45	1384	258	57	97	1451	1345	1	0.0	  688
MN066612.1@rRNA	NODE_12668_length_16595_cov_8.489634	73.66	1450	286	68	68	1464	2023	3429	3e-131	  473
MN066612.1@ND2	NODE_12798_length_16496_cov_1844.825700	83.57	1047	172	0	1	1047	913	1959	0.0	  981
MN066612.1@COX1	NODE_12798_length_16496_cov_1844.825700	88.97	1551	171	0	1	1551	2357	3907	0.0	 1917
MN066612.1@COX1	NODE_12980_length_16364_cov_5.836582	81.12	1541	291	0	1	1541	13574	12034	0.0	 1234
MN066612.1@COX2	NODE_12798_length_16496_cov_1844.825700	90.74	691	64	0	1	691	4059	4749	0.0	  922
MN066612.1@COX2	NODE_12980_length_16364_cov_5.836582	79.58	671	137	0	1	671	11843	11173	8e-134	  481
MN066612.1@ATP6	NODE_12798_length_16496_cov_1844.825700	83.92	684	108	2	1	683	4982	5664	0.0	  652
MN066612.1@COX3	NODE_12798_length_16496_cov_1844.825700	89.51	782	82	0	1	782	5665	6446	0.0	  990
MN066612.1@ND4L	NODE_12798_length_16496_cov_1844.825700	90.57	297	28	0	1	297	6938	7234	4e-108	  394
MN066612.1@ND5	NODE_12798_length_16496_cov_1844.825700	85.71	1841	259	3	1	1839	8829	10667	0.0	 1940
MN066612.1@ND6	NODE_12798_length_16496_cov_1844.825700	85.30	517	74	2	1	516	11185	10670	2e-149	  532
