NC_044472.1@rrnS	NODE_4152_length_16624_cov_6.925749	79.65	968	161	25	1	947	8961	8009	0.0	  664
NC_044472.1@rrnS	NODE_4164_length_16595_cov_6.696957	79.52	967	151	35	1	945	2534	1593	0.0	  645
NC_044472.1@rrnS	NODE_315926_length_545_cov_8398.378924	82.97	546	85	6	8	546	545	1	2e-135	  486
NC_044472.1@rrnS	NODE_247225_length_698_cov_1.190317	80.18	555	94	12	1	547	547	1	9e-110	  401
NC_044472.1@rrnS	NODE_61574_length_3183_cov_8837.806420	83.75	363	35	16	604	947	10	367	7e-86	  322
NC_044472.1@rrnS	NODE_758643_length_135_cov_458.166667	89.63	135	10	1	512	642	135	1	1e-39	  169
NC_044472.1@rrnS	NODE_701839_length_173_cov_161.770270	86.75	151	14	1	513	657	1	151	5e-38	  163
NC_044472.1@rrnS	NODE_787112_length_124_cov_1188.000000	92.79	111	8	0	489	599	122	12	2e-37	  161
NC_044472.1@rrnS	NODE_702320_length_173_cov_23.540541	86.67	150	15	1	513	657	1	150	2e-37	  161
NC_044472.1@rrnS	NODE_760858_length_134_cov_769.742857	88.81	134	10	1	513	641	1	134	6e-37	  159
NC_044472.1@rrnS	NODE_702722_length_173_cov_13.567568	86.09	151	15	1	513	657	1	151	2e-36	  158
NC_044472.1@rrnS	NODE_786978_length_125_cov_5.461538	91.89	111	9	0	489	599	123	13	8e-36	  156
NC_044472.1@rrnS	NODE_784125_length_125_cov_2589.269231	92.45	106	8	0	480	585	106	1	1e-34	  152
NC_044472.1@rrnS	NODE_941436_length_100_cov_722.000000	93.18	88	6	0	512	599	100	13	5e-28	  130
NC_044472.1@rrnS	NODE_168817_length_1060_cov_16.396462	90.80	87	8	0	182	268	4	90	4e-24	  117
NC_044472.1@rrnL	NODE_61574_length_3183_cov_8837.806420	84.47	1610	201	37	77	1657	519	2108	0.0	 1543
NC_044472.1@rrnL	NODE_4152_length_16624_cov_6.925749	77.03	1598	298	59	95	1657	7835	6272	0.0	  854
NC_044472.1@rrnL	NODE_4164_length_16595_cov_6.696957	75.97	1469	265	73	95	1524	1420	1	0.0	  676
NC_044472.1@rrnL	NODE_4164_length_16595_cov_6.696957	89.45	237	17	8	1426	1658	16595	16363	1e-76	  292
NC_044472.1@rrnL	NODE_346828_length_507_cov_1.122549	77.56	468	85	17	69	525	470	12	2e-68	  265
NC_044472.1@COX1	NODE_271470_length_631_cov_9188.569549	83.16	481	81	0	1	481	481	1	3e-121	  440
NC_044472.1@COX2	NODE_16027_length_8424_cov_9247.431592	82.71	694	114	5	1	691	7256	6566	3e-173	  612
NC_044472.1@COX3	NODE_16027_length_8424_cov_9247.431592	83.44	785	130	0	1	785	5648	4864	0.0	  730
NC_044472.1@ND5	NODE_16027_length_8424_cov_9247.431592	77.22	1817	402	12	1	1811	2490	680	0.0	 1051
NC_044472.1@ND5	NODE_604871_length_250_cov_0.675497	98.00	250	5	0	1325	1574	1	250	2e-119	  435
