NC_041194.1@rrnS	NODE_42906_length_4337_cov_3149.638273	88.33	840	88	10	189	1020	2132	2969	0.0	 1000
NC_041194.1@rrnS	NODE_42906_length_4337_cov_3149.638273	91.49	188	15	1	2	188	2022	2209	2e-66	  257
NC_041194.1@rrnL	NODE_42906_length_4337_cov_3149.638273	85.36	1298	157	29	9	1288	3055	4337	0.0	 1314
NC_041194.1@rrnL	NODE_156935_length_1055_cov_4038.679916	89.58	384	35	4	1313	1693	18	399	6e-134	  483
NC_041194.1@COX1	NODE_35634_length_5115_cov_3782.146332	83.48	1562	254	4	1	1560	63	1622	0.0	 1452
NC_041194.1@COX2	NODE_35634_length_5115_cov_3782.146332	81.24	693	126	4	1	691	1768	2458	1e-156	  556
NC_041194.1@COX3	NODE_35634_length_5115_cov_3782.146332	83.58	530	87	0	1	530	3377	3906	9e-139	  497
NC_041194.1@COX3	NODE_521246_length_279_cov_3578.322222	85.09	275	41	0	436	710	5	279	1e-73	  281
NC_041194.1@COX3	NODE_642036_length_179_cov_9.600000	86.71	173	23	0	436	608	175	3	5e-47	  193
NC_041194.1@COX3	NODE_641594_length_179_cov_26.487500	84.36	179	28	0	532	710	1	179	5e-42	  176
NC_041194.1@COX3	NODE_796343_length_119_cov_9.850000	88.24	119	14	0	512	630	1	119	5e-32	  143
NC_041194.1@COX3	NODE_794125_length_119_cov_32.800000	88.24	119	14	0	512	630	1	119	5e-32	  143
NC_041194.1@COX3	NODE_798054_length_119_cov_4.400000	87.39	119	15	0	512	630	1	119	2e-30	  137
NC_041194.1@ND4	NODE_608024_length_197_cov_3480.030612	78.57	196	38	3	55	248	3	196	9e-27	  126
