	21.0	22.0	23.0	24.0	25.0	26.0	27.0	28.0	29.0	30.0	31.0	32.0	33.0	34.0	35.0	36.0	37.0	38.0	39.0	40.0
Cvi-CPal_079-Ex1-1A-ssl-1-1.clmp.r1	111.0	2972.0	17413.0	42859.0	77467.0	121781.0	180621.0	256362.0	352696.0	473896.0	621815.0	802026.0	1029473.0	1325265.0	1724347.0	2307403.0	3238137.0	4981522.0	9364276.0	27108681.0
	20.0	21.0	22.0	23.0	24.0	25.0	26.0	27.0	28.0	29.0	30.0	31.0	32.0	33.0	34.0	35.0	36.0	37.0	38.0	39.0	40.0
Cvi-CPal_079-Ex1-1A-ssl-1-1.clmp.r2	69.0	4509.0	110544.0	469005.0	688700.0	777362.0	853199.0	934749.0	1027157.0	1128952.0	1252942.0	1392759.0	1568669.0	1781997.0	2060007.0	2430075.0	2941124.0	3686532.0	4924102.0	7904933.0	18091737.0
	20.0	21.0	22.0	23.0	24.0	25.0	26.0	27.0	28.0	29.0	30.0	31.0	32.0	33.0	34.0	35.0	36.0	37.0	38.0	39.0	40.0
Cvi-CPal_079-Ex1-1B-ssl-1-1.clmp.r1	3.0	120.0	2770.0	16549.0	40461.0	73194.0	115120.0	170487.0	242786.0	334131.0	447701.0	585826.0	760118.0	971892.0	1248186.0	1622299.0	2169196.0	3052555.0	4698972.0	8947622.0	27134323.0
	19.0	20.0	21.0	22.0	23.0	24.0	25.0	26.0	27.0	28.0	29.0	30.0	31.0	32.0	33.0	34.0	35.0	36.0	37.0	38.0	39.0	40.0
Cvi-CPal_079-Ex1-1B-ssl-1-1.clmp.r2	1.0	71.0	4083.0	99519.0	424846.0	629224.0	709527.0	782640.0	858922.0	943389.0	1039019.0	1153929.0	1288139.0	1449610.0	1653610.0	1913352.0	2262469.0	2753641.0	3486293.0	4726559.0	7811614.0	18643854.0
	20.0	21.0	22.0	23.0	24.0	25.0	26.0	27.0	28.0	29.0	30.0	31.0	32.0	33.0	34.0	35.0	36.0	37.0	38.0	39.0	40.0
Cvi-CPal_079-Ex1-1C-ssl-1-1.clmp.r1	4.0	110.0	2628.0	15974.0	38864.0	70023.0	110576.0	162935.0	231946.0	319266.0	427914.0	561910.0	727680.0	935416.0	1201267.0	1568705.0	2097400.0	2945258.0	4517360.0	8344408.0	22651191.0
	20.0	21.0	22.0	23.0	24.0	25.0	26.0	27.0	28.0	29.0	30.0	31.0	32.0	33.0	34.0	35.0	36.0	37.0	38.0	39.0	40.0
Cvi-CPal_079-Ex1-1C-ssl-1-1.clmp.r2	56.0	3882.0	100539.0	438959.0	650314.0	733030.0	805324.0	880556.0	964472.0	1058604.0	1170366.0	1298707.0	1453847.0	1646755.0	1893240.0	2223348.0	2676098.0	3321608.0	4371178.0	6733384.0	14506568.0

