NC_051497.1@rrnS	NODE_13347_length_16751_cov_1111.526303	96.34	956	34	1	1	956	2133	1179	0.0	 1570
NC_051497.1@rrnS	NODE_70603_length_1724_cov_1345.958769	93.65	551	33	2	407	956	1724	1175	0.0	  822
NC_051497.1@rrnS	NODE_5523_length_30594_cov_11.696540	81.47	966	151	20	1	951	13959	14911	0.0	  767
NC_051497.1@rrnS	NODE_13126_length_16992_cov_7.294323	78.60	958	175	25	1	951	14497	15431	2e-171	  606
NC_051497.1@rrnS	NODE_13637_length_16441_cov_4.820034	77.70	964	189	22	1	955	2466	1520	3e-159	  566
NC_051497.1@rrnS	NODE_13512_length_16585_cov_7.740264	76.65	972	176	39	1	951	14119	15060	2e-136	  490
NC_051497.1@rrnL	NODE_13347_length_16751_cov_1111.526303	93.42	1110	68	3	1	1109	1106	1	0.0	 1640
NC_051497.1@rrnL	NODE_13347_length_16751_cov_1111.526303	95.02	662	32	1	1011	1672	16751	16091	0.0	 1038
NC_051497.1@rrnL	NODE_70603_length_1724_cov_1345.958769	92.71	1111	71	8	1	1109	1103	1	0.0	 1594
NC_051497.1@rrnL	NODE_5523_length_30594_cov_11.696540	81.58	1721	257	53	2	1698	14991	16675	0.0	 1367
NC_051497.1@rrnL	NODE_13637_length_16441_cov_4.820034	79.80	1401	228	45	73	1450	1369	1	0.0	  968
NC_051497.1@rrnL	NODE_13126_length_16992_cov_7.294323	76.72	1456	278	45	77	1514	15580	16992	0.0	  754
NC_051497.1@rrnL	NODE_13126_length_16992_cov_7.294323	79.44	107	21	1	1540	1646	1	106	4e-11	75.0
NC_051497.1@ND1	NODE_5523_length_30594_cov_11.696540	87.79	975	119	0	1	975	16751	17725	0.0	 1142
NC_051497.1@ND2	NODE_13347_length_16751_cov_1111.526303	83.03	1037	172	4	1	1035	14804	13770	0.0	  937
NC_051497.1@COX1	NODE_5523_length_30594_cov_11.696540	89.95	1562	157	0	1	1562	19373	20934	0.0	 2015
NC_051497.1@COX1	NODE_5523_length_30594_cov_11.696540	82.49	1536	269	0	1	1536	2850	4385	0.0	 1347
NC_051497.1@COX1	NODE_13347_length_16751_cov_1111.526303	87.64	1562	193	0	1	1562	13368	11807	0.0	 1816
NC_051497.1@COX2	NODE_5523_length_30594_cov_11.696540	88.86	691	77	0	1	691	21112	21802	0.0	  850
NC_051497.1@COX2	NODE_13347_length_16751_cov_1111.526303	87.65	688	85	0	1	688	11630	10943	0.0	  800
NC_051497.1@ATP6	NODE_13347_length_16751_cov_1111.526303	80.58	685	131	2	1	684	10704	10021	1e-147	  527
NC_051497.1@COX3	NODE_5523_length_30594_cov_11.696540	89.30	785	84	0	1	785	22720	23504	0.0	  985
NC_051497.1@COX3	NODE_13347_length_16751_cov_1111.526303	84.86	786	117	2	1	785	10021	9237	0.0	  791
NC_051497.1@ND4L	NODE_13347_length_16751_cov_1111.526303	86.20	297	41	0	1	297	8746	8450	2e-86	  322
NC_051497.1@ND4	NODE_5523_length_30594_cov_11.696540	86.74	1380	177	5	1	1377	24285	25661	0.0	 1530
NC_051497.1@ND5	NODE_5523_length_30594_cov_11.696540	86.64	1841	242	4	31	1869	25915	27753	0.0	 2034
NC_051497.1@CYTB	NODE_5523_length_30594_cov_11.696540	86.50	1141	154	0	1	1141	28348	29488	0.0	 1254
