	24.0	25.0	26.0	27.0	28.0	29.0	30.0	31.0	32.0	33.0	34.0	35.0	36.0	37.0	38.0	39.0	40.0
Sde-CMat_061-Ex1-7A-ssl.clmp.fp2_repr.R1	1.0	34.0	408.0	2806.0	13139.0	43247.0	110999.0	243062.0	473151.0	838786.0	1369515.0	2033558.0	2701587.0	3196026.0	3480176.0	3688454.0	2169010.0
	23.0	24.0	25.0	26.0	27.0	28.0	29.0	30.0	31.0	32.0	33.0	34.0	35.0	36.0	37.0	38.0	39.0	40.0
Sde-CMat_061-Ex1-7A-ssl.clmp.fp2_repr.R2	3.0	137.0	2071.0	11711.0	41416.0	102744.0	200826.0	338989.0	519864.0	745545.0	1020840.0	1349833.0	1725161.0	2125274.0	2544539.0	2990148.0	3461622.0	3183236.0
	24.0	25.0	26.0	27.0	28.0	29.0	30.0	31.0	32.0	33.0	34.0	35.0	36.0	37.0	38.0	39.0	40.0
Sde-CMat_061-Ex1-8A-ssl.clmp.fp2_repr.R1	1.0	84.0	1077.0	7968.0	36369.0	117533.0	298766.0	642099.0	1224929.0	2141463.0	3450094.0	5090881.0	6763817.0	8019053.0	8767829.0	9450330.0	5621345.0
	23.0	24.0	25.0	26.0	27.0	28.0	29.0	30.0	31.0	32.0	33.0	34.0	35.0	36.0	37.0	38.0	39.0	40.0
Sde-CMat_061-Ex1-8A-ssl.clmp.fp2_repr.R2	5.0	308.0	4318.0	25125.0	88190.0	220477.0	438927.0	750453.0	1160197.0	1687560.0	2344024.0	3155445.0	4114873.0	5197239.0	6412968.0	7867769.0	9592146.0	8573614.0
	24.0	25.0	26.0	27.0	28.0	29.0	30.0	31.0	32.0	33.0	34.0	35.0	36.0	37.0	38.0	39.0	40.0
Sde-CMat_061-Ex1-9A-ssl.clmp.fp2_repr.R1	2.0	22.0	350.0	2615.0	12223.0	40017.0	102310.0	222940.0	429800.0	759850.0	1234685.0	1820875.0	2412167.0	2844638.0	3092987.0	3293195.0	1946420.0
	23.0	24.0	25.0	26.0	27.0	28.0	29.0	30.0	31.0	32.0	33.0	34.0	35.0	36.0	37.0	38.0	39.0	40.0
Sde-CMat_061-Ex1-9A-ssl.clmp.fp2_repr.R2	5.0	114.0	1818.0	10046.0	35117.0	87571.0	172533.0	291509.0	446750.0	645293.0	887672.0	1177613.0	1510204.0	1869638.0	2248067.0	2663940.0	3154761.0	3012445.0

