NC_009588.1@rrnS	NODE_649_length_16588_cov_40.002850	99.79	954	2	0	1	954	14085	15038	0.0	 1751
NC_009588.1@rrnL	NODE_649_length_16588_cov_40.002850	99.86	1478	1	1	1	1477	15111	16588	0.0	 2717
NC_009588.1@rrnL	NODE_649_length_16588_cov_40.002850	100.00	161	0	0	1507	1667	1	161	2e-78	  298
NC_009588.1@ND1	NODE_649_length_16588_cov_40.002850	99.69	975	3	0	1	975	238	1212	0.0	 1784
NC_009588.1@ND2	NODE_649_length_16588_cov_40.002850	99.71	1045	3	0	1	1045	1427	2471	0.0	 1914
NC_009588.1@COX1	NODE_649_length_16588_cov_40.002850	99.94	1551	1	0	1	1551	2860	4410	0.0	 2859
NC_009588.1@COX2	NODE_649_length_16588_cov_40.002850	100.00	691	0	0	1	691	4566	5256	0.0	 1277
NC_009588.1@ATP8	NODE_649_length_16588_cov_40.002850	100.00	168	0	0	1	168	5332	5499	2e-83	  311
NC_009588.1@ATP6	NODE_649_length_16588_cov_40.002850	100.00	683	0	0	1	683	5490	6172	0.0	 1262
NC_009588.1@ATP6	NODE_59265_length_3166_cov_4.141832	100.00	72	0	0	608	679	2065	1994	2e-29	  134
NC_009588.1@COX3	NODE_649_length_16588_cov_40.002850	99.87	784	1	0	1	784	6173	6956	0.0	 1443
NC_009588.1@COX3	NODE_204085_length_1220_cov_2.599465	100.00	99	0	0	437	535	1220	1122	3e-44	  183
NC_009588.1@ND3	NODE_649_length_16588_cov_40.002850	100.00	349	0	0	1	349	7029	7377	0.0	  645
NC_009588.1@ND4L	NODE_649_length_16588_cov_40.002850	100.00	297	0	0	1	297	7448	7744	8e-155	  549
NC_009588.1@ND4	NODE_649_length_16588_cov_40.002850	99.49	1382	5	2	1	1381	7738	9118	0.0	 2512
NC_009588.1@ND4	NODE_61569_length_3095_cov_3.064753	100.00	53	0	0	272	324	3043	3095	2e-18	99.0
NC_009588.1@ND5	NODE_649_length_16588_cov_40.002850	99.62	1836	7	0	1	1836	9327	11162	0.0	 3352
NC_009588.1@ND6	NODE_649_length_16588_cov_40.002850	99.62	522	2	0	1	522	11680	11159	0.0	  953
NC_009588.1@CYTB	NODE_649_length_16588_cov_40.002850	99.82	1141	2	0	1	1141	11753	12893	0.0	 2097
