OP611574.1@rrnS	NODE_9706_length_17220_cov_1654.476374	97.29	960	25	1	1	960	14676	13718	0.0	 1628
OP611574.1@rrnS	NODE_10401_length_16514_cov_8.547913	81.17	956	152	23	1	942	14010	14951	0.0	  743
OP611574.1@rrnS	NODE_5749_length_22761_cov_3.797238	80.73	960	151	26	1	942	9584	8641	0.0	  717
OP611574.1@rrnS	NODE_16424_length_12337_cov_3.294574	80.35	977	152	30	1	953	10914	11874	0.0	  704
OP611574.1@rrnS	NODE_71322_length_2603_cov_1.813099	79.65	963	162	27	1	943	2460	1512	0.0	  662
OP611574.1@rrnS	NODE_30277_length_7680_cov_3.520908	82.29	638	98	13	1	627	7047	7680	1e-150	  538
OP611574.1@rrnS	NODE_10198_length_16717_cov_479.385245	75.39	967	195	33	1	942	3327	4275	2e-117	  427
OP611574.1@rrnS	NODE_93253_length_1622_cov_3.855548	96.15	78	3	0	501	578	78	1	3e-27	  128
OP611574.1@rrnL	NODE_9706_length_17220_cov_1654.476374	91.43	1866	141	16	65	1922	13355	11501	0.0	 2542
OP611574.1@rrnL	NODE_5749_length_22761_cov_3.797238	79.26	1726	274	66	218	1911	8560	6887	0.0	 1127
OP611574.1@rrnL	NODE_10401_length_16514_cov_8.547913	80.47	1449	214	56	293	1712	15103	16511	0.0	 1044
OP611574.1@rrnL	NODE_10401_length_16514_cov_8.547913	86.12	209	29	0	1693	1901	1	209	1e-56	  226
OP611574.1@rrnL	NODE_111722_length_1289_cov_2.390756	81.09	1322	199	39	436	1739	1289	1	0.0	 1009
OP611574.1@rrnL	NODE_48300_length_4630_cov_3.591922	80.04	1383	210	44	550	1892	1	1357	0.0	  965
OP611574.1@rrnL	NODE_71322_length_2603_cov_1.813099	79.12	1394	235	40	293	1664	1360	1	0.0	  911
OP611574.1@rrnL	NODE_10198_length_16717_cov_479.385245	83.79	364	57	2	1530	1892	5629	5991	4e-92	  344
OP611574.1@rrnL	NODE_10198_length_16717_cov_479.385245	84.50	329	42	9	1065	1390	5189	5511	8e-84	  316
OP611574.1@rrnL	NODE_16424_length_12337_cov_3.294574	81.80	401	63	8	218	615	11944	12337	4e-87	  327
OP611574.1@rrnL	NODE_828263_length_269_cov_1.247059	91.26	206	17	1	1209	1413	1	206	1e-72	  279
OP611574.1@rrnL	NODE_15027_length_13113_cov_2.722683	86.24	189	23	3	1697	1883	13112	12925	2e-49	  202
OP611574.1@rrnL	NODE_448202_length_391_cov_1.640411	94.12	68	4	0	1680	1747	324	391	7e-20	  104
OP611574.1@ND1	NODE_9706_length_17220_cov_1654.476374	88.67	971	110	0	1	971	11426	10456	0.0	 1184
OP611574.1@ND2	NODE_9706_length_17220_cov_1654.476374	85.93	1045	143	4	1	1043	10238	9196	0.0	 1112
OP611574.1@COX1	NODE_9706_length_17220_cov_1654.476374	92.13	1551	122	0	1	1551	8799	7249	0.0	 2189
OP611574.1@COX1	NODE_5749_length_22761_cov_3.797238	80.55	1553	298	4	1	1551	4179	2629	0.0	 1192
OP611574.1@COX1	NODE_48300_length_4630_cov_3.591922	82.05	546	97	1	1	546	4081	4625	2e-128	  464
OP611574.1@COX2	NODE_9706_length_17220_cov_1654.476374	94.50	691	38	0	1	691	7094	6404	0.0	 1066
OP611574.1@COX2	NODE_10401_length_16514_cov_8.547913	83.89	689	111	0	1	689	4631	5319	0.0	  658
OP611574.1@ATP6	NODE_9706_length_17220_cov_1654.476374	89.18	684	74	0	1	684	6170	5487	0.0	  854
OP611574.1@COX3	NODE_9706_length_17220_cov_1654.476374	91.59	785	66	0	1	785	5487	4703	0.0	 1085
OP611574.1@ND3	NODE_9706_length_17220_cov_1654.476374	87.68	349	43	0	1	349	4630	4282	8e-112	  407
OP611574.1@ND4L	NODE_9706_length_17220_cov_1654.476374	87.54	297	37	0	1	297	4212	3916	6e-93	  344
OP611574.1@ND4	NODE_9706_length_17220_cov_1654.476374	84.43	1368	211	2	1	1367	3922	2556	0.0	 1345
OP611574.1@ND5	NODE_9706_length_17220_cov_1654.476374	87.15	1844	233	4	1	1842	2326	485	0.0	 2089
OP611574.1@ND5	NODE_10401_length_16514_cov_8.547913	76.05	1503	342	17	295	1788	9697	11190	0.0	  765
OP611574.1@ND6	NODE_9706_length_17220_cov_1654.476374	86.01	486	68	0	37	522	3	488	4e-146	  521
OP611574.1@CYTB	NODE_9706_length_17220_cov_1654.476374	87.91	1141	138	0	1	1141	17014	15874	0.0	 1343
OP611574.1@CYTB	NODE_16424_length_12337_cov_3.294574	76.47	1092	257	0	1	1092	8459	9550	2e-167	  593
