MN066612.1@CYTB	NODE_14398_length_16548_cov_6861.979999	84.43	1137	175	2	1	1136	7460	6325	0.0	 1118
MN066612.1@CYTB	NODE_575773_length_275_cov_1.448864	80.66	274	53	0	91	364	274	1	8e-53	  213
MN066612.1@rRNA	NODE_14398_length_16548_cov_6861.979999	95.18	955	39	6	3	952	5154	4202	0.0	 1502
MN066612.1@rRNA	NODE_3871_length_33466_cov_57.086433	82.50	960	145	19	3	950	14122	15070	0.0	  821
MN066612.1@rRNA	NODE_3871_length_33466_cov_57.086433	82.26	964	139	24	3	950	30937	31884	0.0	  804
MN066612.1@rRNA	NODE_14549_length_16431_cov_6.888134	81.33	964	141	35	3	950	2461	1521	0.0	  747
MN066612.1@rRNA	NODE_13757_length_17011_cov_37.463872	79.65	958	162	28	3	951	2502	1569	0.0	  658
MN066612.1@rRNA	NODE_14206_length_16683_cov_28.192836	77.17	968	175	37	3	951	9588	10528	9e-146	  521
MN066612.1@rRNA	NODE_171639_length_668_cov_2.936731	80.00	420	66	17	538	951	663	256	2e-77	  294
MN066612.1@rRNA	NODE_14398_length_16548_cov_6861.979999	90.01	1692	154	14	3	1689	4122	2441	0.0	 2174
MN066612.1@rRNA	NODE_3871_length_33466_cov_57.086433	78.70	1695	284	59	8	1660	15155	16814	0.0	 1059
MN066612.1@rRNA	NODE_3871_length_33466_cov_57.086433	79.89	1457	238	43	75	1500	32034	33466	0.0	 1016
MN066612.1@rRNA	NODE_3871_length_33466_cov_57.086433	85.89	163	23	0	1504	1666	1	163	5e-41	  174
MN066612.1@rRNA	NODE_14549_length_16431_cov_6.888134	79.86	1400	212	59	76	1440	1365	1	0.0	  959
MN066612.1@rRNA	NODE_14549_length_16431_cov_6.888134	83.78	111	18	0	1538	1648	16431	16321	2e-20	  106
MN066612.1@rRNA	NODE_13757_length_17011_cov_37.463872	75.89	1464	293	49	75	1516	1426	1	0.0	  693
MN066612.1@rRNA	NODE_13757_length_17011_cov_37.463872	80.34	117	20	3	1522	1637	17011	16897	3e-14	86.1
MN066612.1@rRNA	NODE_14206_length_16683_cov_28.192836	77.92	616	104	24	846	1444	11443	12043	2e-95	  355
MN066612.1@rRNA	NODE_18079_length_14148_cov_43.895722	93.48	92	6	0	880	971	9846	9755	7e-30	  137
MN066612.1@rRNA	NODE_627163_length_264_cov_1.230303	82.22	90	16	0	1086	1175	1	90	4e-12	78.7
MN066612.1@ND1	NODE_14398_length_16548_cov_6861.979999	82.09	977	171	3	1	975	2367	1393	0.0	  832
MN066612.1@COX1	NODE_14398_length_16548_cov_6861.979999	86.27	1551	213	0	1	1551	16360	14810	0.0	 1685
MN066612.1@COX1	NODE_3871_length_33466_cov_57.086433	82.59	1539	262	6	1	1536	19542	21077	0.0	 1352
MN066612.1@COX3	NODE_14398_length_16548_cov_6861.979999	86.11	785	109	0	1	785	13052	12268	0.0	  846
MN066612.1@COX3	NODE_3871_length_33466_cov_57.086433	80.92	781	145	4	1	779	6232	7010	1e-173	  614
MN066612.1@COX3	NODE_3871_length_33466_cov_57.086433	80.72	783	143	8	1	779	22889	23667	3e-170	  603
MN066612.1@ND4L	NODE_14549_length_16431_cov_6.888134	77.87	122	27	0	176	297	8820	8699	3e-12	76.8
