	24.0	25.0	26.0	27.0	28.0	29.0	30.0	31.0	32.0	33.0	34.0	35.0	36.0	37.0
Dar-CJol_003-Ex1-7A-ssl-1-1.clmp.fp2_repr.R1	1.0	111.0	1583.0	10205.0	37296.0	92707.0	175771.0	291885.0	456536.0	762917.0	1565022.0	5565947.0	29846907.0	1106966.0
	23.0	24.0	25.0	26.0	27.0	28.0	29.0	30.0	31.0	32.0	33.0	34.0	35.0	36.0	37.0
Dar-CJol_003-Ex1-7A-ssl-1-1.clmp.fp2_repr.R2	1.0	168.0	2812.0	16616.0	59792.0	153659.0	322899.0	588414.0	1005955.0	1689023.0	2996208.0	6189493.0	14133824.0	12659269.0	95721.0
	24.0	25.0	26.0	27.0	28.0	29.0	30.0	31.0	32.0	33.0	34.0	35.0	36.0	37.0
Dar-CJol_003-Ex1-8A-ssl-1-1.clmp.fp2_repr.R1	3.0	162.0	2073.0	12746.0	45617.0	111715.0	208180.0	338509.0	522202.0	859619.0	1742796.0	6120285.0	33705885.0	1315687.0
	24.0	25.0	26.0	27.0	28.0	29.0	30.0	31.0	32.0	33.0	34.0	35.0	36.0	37.0
Dar-CJol_003-Ex1-8A-ssl-1-1.clmp.fp2_repr.R2	184.0	2931.0	17054.0	59829.0	155289.0	327251.0	597642.0	1026247.0	1717611.0	3033902.0	6301798.0	15490415.0	16115910.0	139416.0
	24.0	25.0	26.0	27.0	28.0	29.0	30.0	31.0	32.0	33.0	34.0	35.0	36.0	37.0
Dar-CJol_003-Ex1-9A-ssl-1-1.clmp.fp2_repr.R1	2.0	165.0	2018.0	13081.0	46344.0	113170.0	212558.0	346242.0	539940.0	898683.0	1843621.0	6521607.0	35570476.0	1356244.0
	23.0	24.0	25.0	26.0	27.0	28.0	29.0	30.0	31.0	32.0	33.0	34.0	35.0	36.0	37.0
Dar-CJol_003-Ex1-9A-ssl-1-1.clmp.fp2_repr.R2	1.0	198.0	3440.0	20131.0	72317.0	187062.0	393083.0	713986.0	1222873.0	2046949.0	3618553.0	7418619.0	16894611.0	14773840.0	98488.0

