NC_041194.1@rrnS	NODE_7251_length_16646_cov_983.137427	85.26	841	108	13	189	1019	14207	15041	0.0	  852
NC_041194.1@rrnS	NODE_7398_length_16480_cov_4.908553	80.84	835	123	34	204	1016	2362	1543	6e-176	  621
NC_041194.1@rrnS	NODE_7313_length_16581_cov_3.569166	78.21	858	146	29	187	1021	2348	1509	1e-142	  510
NC_041194.1@rrnS	NODE_6849_length_17116_cov_38.496856	80.58	582	92	20	446	1017	34	604	4e-118	  429
NC_041194.1@rrnS	NODE_6849_length_17116_cov_38.496856	78.32	309	64	3	204	511	16810	17116	4e-48	  196
NC_041194.1@rrnS	NODE_133462_length_1175_cov_3.244424	80.00	540	86	21	490	1015	13	544	4e-103	  379
NC_041194.1@rrnS	NODE_7166_length_16729_cov_4.219062	79.52	537	95	13	490	1015	16717	16185	9e-100	  368
NC_041194.1@rrnS	NODE_7166_length_16729_cov_4.219062	83.38	325	45	7	205	524	373	53	5e-77	  292
NC_041194.1@rrnL	NODE_7251_length_16646_cov_983.137427	85.01	1468	196	22	73	1530	15193	16646	0.0	 1471
NC_041194.1@rrnL	NODE_7251_length_16646_cov_983.137427	92.02	238	19	0	1429	1666	17	254	1e-89	  335
NC_041194.1@rrnL	NODE_7166_length_16729_cov_4.219062	80.27	1399	232	39	77	1453	16034	14658	0.0	 1014
NC_041194.1@rrnL	NODE_7166_length_16729_cov_4.219062	85.71	147	19	2	1518	1663	14612	14467	4e-35	  154
NC_041194.1@rrnL	NODE_7398_length_16480_cov_4.908553	78.12	1435	252	51	64	1470	1402	2	0.0	  854
NC_041194.1@rrnL	NODE_7398_length_16480_cov_4.908553	85.91	149	21	0	1518	1666	16480	16332	9e-37	  159
NC_041194.1@rrnL	NODE_6849_length_17116_cov_38.496856	76.65	1563	291	65	71	1605	743	2259	0.0	  797
NC_041194.1@rrnL	NODE_133462_length_1175_cov_3.244424	81.32	471	81	7	74	541	695	1161	9e-102	  375
NC_041194.1@rrnL	NODE_7313_length_16581_cov_3.569166	77.65	586	98	24	874	1444	568	1	9e-87	  326
NC_041194.1@COX1	NODE_6849_length_17116_cov_38.496856	77.63	1547	338	8	1	1543	5033	6575	0.0	  933
NC_041194.1@ATP6	NODE_7166_length_16729_cov_4.219062	74.23	489	120	6	199	684	8878	8393	2e-49	  200
NC_041194.1@COX3	NODE_10459_length_13666_cov_3.847571	81.32	787	143	4	1	785	6044	6828	2e-180	  636
NC_041194.1@COX3	NODE_7313_length_16581_cov_3.569166	79.31	788	157	5	1	785	10413	9629	8e-154	  547
NC_041194.1@COX3	NODE_7398_length_16480_cov_4.908553	78.29	783	168	2	1	782	10297	9516	2e-140	  503
