KJ139455.1@rrnS	NODE_1130_length_15397_cov_140.366780	81.43	948	153	20	2	938	1203	2138	0.0	  754
KJ139455.1@rrnS	NODE_959_length_16450_cov_19.459544	79.61	966	149	37	2	936	14319	15267	0.0	  649
KJ139455.1@rrnS	NODE_963_length_16437_cov_14.341780	78.94	964	160	36	2	936	14309	15258	4e-174	  616
KJ139455.1@rrnS	NODE_944_length_16625_cov_16.048953	78.76	965	164	31	2	937	8232	7280	7e-172	  608
KJ139455.1@rrnS	NODE_3666_length_10222_cov_3.807073	79.93	872	135	28	2	849	864	9	9e-171	  604
KJ139455.1@rrnS	NODE_930_length_16769_cov_55.665207	78.33	969	154	39	2	939	15729	16672	7e-162	  575
KJ139455.1@rrnS	NODE_947_length_16581_cov_9.244813	77.67	954	182	25	2	936	14044	14985	3e-155	  553
KJ139455.1@rrnS	NODE_1198428_length_197_cov_8.540816	90.24	164	16	0	135	298	197	34	2e-53	  215
KJ139455.1@rrnS	NODE_1199932_length_197_cov_5.591837	86.53	193	23	3	65	255	192	1	9e-52	  209
KJ139455.1@rrnS	NODE_1223715_length_192_cov_10.741935	85.49	193	24	4	58	247	192	1	2e-48	  198
KJ139455.1@rrnS	NODE_1252510_length_185_cov_4.511628	85.48	186	24	3	65	248	185	1	3e-46	  191
KJ139455.1@rrnS	NODE_1269976_length_180_cov_5.148148	89.80	147	15	0	152	298	1	147	1e-45	  189
KJ139455.1@rrnS	NODE_871372_length_282_cov_13315.874317	79.63	270	47	7	671	938	279	16	4e-45	  187
KJ139455.1@rrnS	NODE_1275185_length_178_cov_53.620253	89.66	145	15	0	154	298	178	34	1e-44	  185
KJ139455.1@rrnS	NODE_1370024_length_157_cov_155.758621	90.00	140	14	0	159	298	2	141	2e-43	  182
KJ139455.1@rrnS	NODE_1286833_length_175_cov_28.302632	90.00	140	14	0	159	298	173	34	2e-43	  182
KJ139455.1@rrnS	NODE_1576918_length_133_cov_3.117647	91.54	130	11	0	133	262	4	133	7e-43	  180
KJ139455.1@rrnS	NODE_1202358_length_197_cov_3.224490	83.94	193	24	7	596	784	195	6	2e-42	  178
KJ139455.1@rrnS	NODE_1257084_length_183_cov_37.714286	84.53	181	25	2	411	589	183	4	9e-42	  176
KJ139455.1@rrnS	NODE_1658832_length_126_cov_176.888889	91.27	126	11	0	126	251	126	1	1e-40	  172
KJ139455.1@rrnS	NODE_1329720_length_165_cov_20.151515	89.63	135	14	0	164	298	165	31	1e-40	  172
KJ139455.1@rrnS	NODE_1518871_length_138_cov_5.025641	88.41	138	15	1	111	247	1	138	2e-38	  165
KJ139455.1@rrnS	NODE_1403238_length_152_cov_9.528302	91.60	119	10	0	180	298	152	34	2e-38	  165
KJ139455.1@rrnS	NODE_1342040_length_163_cov_4.875000	89.23	130	14	0	169	298	163	34	7e-38	  163
KJ139455.1@rrnS	NODE_1835734_length_117_cov_50.777778	91.45	117	10	0	146	262	117	1	2e-37	  161
KJ139455.1@rrnS	NODE_1941951_length_113_cov_59.571429	91.89	111	9	0	152	262	111	1	1e-35	  156
KJ139455.1@rrnS	NODE_2049682_length_110_cov_37.090909	91.82	110	9	0	146	255	110	1	4e-35	  154
KJ139455.1@rrnS	NODE_1422065_length_149_cov_14.740000	90.60	117	10	1	182	298	149	34	4e-35	  154
KJ139455.1@rrnS	NODE_1416277_length_150_cov_9.647059	89.74	117	12	0	182	298	150	34	5e-34	  150
KJ139455.1@rrnS	NODE_2054250_length_110_cov_23.909091	90.91	110	10	0	146	255	1	110	2e-33	  148
KJ139455.1@rrnS	NODE_2687558_length_101_cov_44.000000	92.93	99	7	0	159	257	99	1	2e-32	  145
KJ139455.1@rrnS	NODE_2351370_length_104_cov_147.600000	91.35	104	9	0	153	256	1	104	9e-32	  143
KJ139455.1@rrnS	NODE_2349525_length_104_cov_181.200000	92.86	98	7	0	159	256	98	1	9e-32	  143
KJ139455.1@rrnS	NODE_1471428_length_143_cov_5.431818	90.00	110	11	0	189	298	143	34	9e-32	  143
KJ139455.1@rrnS	NODE_2407646_length_104_cov_6.000000	91.84	98	8	0	159	256	98	1	4e-30	  137
KJ139455.1@rrnS	NODE_1498550_length_140_cov_5.634146	89.72	107	11	0	192	298	1	107	4e-30	  137
KJ139455.1@rrnS	NODE_3012327_length_100_cov_14.000000	91.75	97	8	0	152	248	97	1	1e-29	  135
KJ139455.1@rrnS	NODE_2442003_length_103_cov_72.500000	90.29	103	10	0	146	248	103	1	1e-29	  135
KJ139455.1@rrnS	NODE_1550234_length_135_cov_4.861111	90.91	99	9	0	197	295	135	37	5e-29	  134
KJ139455.1@rrnS	NODE_1544360_length_135_cov_18.944444	90.91	99	9	0	197	295	135	37	5e-29	  134
KJ139455.1@rrnS	NODE_1652507_length_127_cov_7.285714	90.43	94	9	0	205	298	127	34	3e-26	  124
KJ139455.1@rrnS	NODE_2340864_length_104_cov_10094.200000	90.32	93	9	0	206	298	1	93	1e-25	  122
KJ139455.1@rrnS	NODE_1665503_length_126_cov_9.777778	90.32	93	9	0	206	298	1	93	1e-25	  122
KJ139455.1@rrnS	NODE_2764074_length_100_cov_9725.000000	91.86	86	7	0	213	298	3	88	4e-25	  121
KJ139455.1@rrnS	NODE_2415965_length_103_cov_9759.500000	91.86	86	7	0	213	298	2	87	4e-25	  121
KJ139455.1@rrnS	NODE_1778131_length_120_cov_8.857143	91.86	86	7	0	213	298	119	34	4e-25	  121
KJ139455.1@rrnS	NODE_1760842_length_121_cov_5.818182	91.86	86	7	0	213	298	119	34	4e-25	  121
KJ139455.1@rrnS	NODE_1754842_length_121_cov_12.636364	91.86	86	7	0	213	298	119	34	4e-25	  121
KJ139455.1@rrnS	NODE_1541566_length_136_cov_3.270270	82.71	133	21	2	216	347	136	5	5e-24	  117
KJ139455.1@rrnS	NODE_1208677_length_195_cov_15.906250	77.55	196	42	2	233	427	195	1	5e-24	  117
KJ139455.1@rrnS	NODE_2763892_length_100_cov_9988.000000	91.57	83	7	0	216	298	1	83	2e-23	  115
KJ139455.1@rrnS	NODE_1887031_length_115_cov_39.500000	91.57	83	7	0	216	298	115	33	2e-23	  115
KJ139455.1@rrnS	NODE_2278389_length_105_cov_10072.666667	92.41	79	6	0	220	298	4	82	7e-23	  113
KJ139455.1@rrnS	NODE_1888991_length_115_cov_28.000000	92.41	79	6	0	220	298	112	34	7e-23	  113
KJ139455.1@rrnS	NODE_1206412_length_196_cov_4.639175	77.16	197	43	2	235	430	196	1	7e-23	  113
KJ139455.1@rrnS	NODE_1203879_length_196_cov_9.412371	77.16	197	43	2	234	429	1	196	7e-23	  113
KJ139455.1@rrnS	NODE_1203628_length_196_cov_10.608247	77.16	197	43	2	233	428	196	1	7e-23	  113
KJ139455.1@rrnS	NODE_1223022_length_192_cov_34.763441	77.32	194	41	3	232	424	192	1	2e-22	  111
KJ139455.1@rrnS	NODE_1211137_length_195_cov_5.302083	77.04	196	43	2	233	427	195	1	2e-22	  111
KJ139455.1@rrnS	NODE_1883768_length_115_cov_104.437500	90.36	83	8	0	216	298	1	83	9e-22	  110
KJ139455.1@rrnS	NODE_1214211_length_194_cov_11.789474	76.92	195	43	2	233	426	1	194	9e-22	  110
KJ139455.1@rrnS	NODE_2610987_length_101_cov_10261.500000	92.11	76	6	0	223	298	1	76	3e-21	  108
KJ139455.1@rrnS	NODE_2116746_length_109_cov_5.300000	92.11	76	6	0	223	298	109	34	3e-21	  108
KJ139455.1@rrnS	NODE_1448009_length_146_cov_4.595745	83.62	116	17	2	233	347	1	115	3e-21	  108
KJ139455.1@rrnS	NODE_1303996_length_171_cov_10.805556	83.76	117	15	4	233	347	171	57	3e-21	  108
KJ139455.1@rrnS	NODE_1299447_length_172_cov_13.849315	83.76	117	15	3	233	347	172	58	3e-21	  108
KJ139455.1@rrnS	NODE_1204575_length_196_cov_7.298969	76.65	197	44	2	233	428	196	1	3e-21	  108
KJ139455.1@rrnS	NODE_1202794_length_196_cov_38.979381	76.65	197	44	2	235	430	1	196	3e-21	  108
KJ139455.1@rrnS	NODE_1237605_length_189_cov_5.966667	76.96	191	40	4	233	421	1	189	1e-20	  106
KJ139455.1@rrnS	NODE_2500599_length_102_cov_10315.666667	91.89	74	6	0	225	298	1	74	4e-20	  104
KJ139455.1@rrnS	NODE_2205259_length_107_cov_10.875000	91.89	74	6	0	225	298	107	34	4e-20	  104
KJ139455.1@rrnS	NODE_1229889_length_191_cov_5.086957	76.56	192	43	2	233	423	1	191	4e-20	  104
KJ139455.1@rrnS	NODE_1215640_length_194_cov_6.284211	76.41	195	44	2	233	426	1	194	4e-20	  104
KJ139455.1@rrnS	NODE_1452199_length_145_cov_12.347826	82.91	117	17	3	232	347	145	31	2e-19	  102
KJ139455.1@rrnS	NODE_1449073_length_146_cov_3.595745	82.76	116	18	2	233	347	146	32	2e-19	  102
KJ139455.1@rrnS	NODE_1306849_length_171_cov_3.208333	82.91	117	16	4	233	347	1	115	2e-19	  102
KJ139455.1@rrnS	NODE_1301738_length_172_cov_4.465753	82.91	117	16	3	233	347	172	58	2e-19	  102
KJ139455.1@rrnS	NODE_1280844_length_177_cov_6.243590	82.91	117	16	4	233	347	177	63	2e-19	  102
KJ139455.1@rrnS	NODE_1279500_length_177_cov_14.500000	82.76	116	18	2	233	347	1	115	2e-19	  102
KJ139455.1@rrnS	NODE_1234908_length_190_cov_3.791209	76.56	192	42	3	234	424	190	1	2e-19	  102
KJ139455.1@rrnS	NODE_1239392_length_189_cov_3.100000	76.44	191	41	4	233	421	189	1	5e-19	  100
KJ139455.1@rrnS	NODE_1231978_length_190_cov_16.208791	76.44	191	42	3	235	423	190	1	5e-19	  100
KJ139455.1@rrnS	NODE_2763811_length_100_cov_10161.000000	91.55	71	6	0	228	298	1	71	2e-18	99.0
KJ139455.1@rrnS	NODE_2387257_length_104_cov_17.800000	91.55	71	6	0	228	298	104	34	2e-18	99.0
KJ139455.1@rrnS	NODE_1230991_length_191_cov_3.543478	76.04	192	44	2	233	423	191	1	2e-18	99.0
KJ139455.1@rrnS	NODE_2763817_length_100_cov_10151.000000	91.43	70	6	0	229	298	1	70	7e-18	97.1
KJ139455.1@rrnS	NODE_2477436_length_103_cov_13.250000	91.43	70	6	0	229	298	103	34	7e-18	97.1
KJ139455.1@rrnS	NODE_1789963_length_119_cov_50.100000	81.90	116	19	2	233	347	119	5	7e-18	97.1
KJ139455.1@rrnS	NODE_1789862_length_119_cov_51.850000	81.90	116	19	2	233	347	119	5	7e-18	97.1
KJ139455.1@rrnS	NODE_1552124_length_135_cov_3.527778	81.90	116	19	2	233	347	1	115	7e-18	97.1
KJ139455.1@rrnS	NODE_1457745_length_145_cov_3.108696	82.05	117	18	3	232	347	145	31	7e-18	97.1
KJ139455.1@rrnS	NODE_1431892_length_148_cov_6.142857	81.90	116	19	2	233	347	1	115	7e-18	97.1
KJ139455.1@rrnS	NODE_1385027_length_155_cov_6.267857	81.90	116	19	2	233	347	155	41	7e-18	97.1
KJ139455.1@rrnS	NODE_1368491_length_158_cov_4.355932	81.90	116	19	2	233	347	158	44	7e-18	97.1
KJ139455.1@rrnS	NODE_1342931_length_163_cov_3.734375	81.90	116	19	2	233	347	163	49	7e-18	97.1
KJ139455.1@rrnS	NODE_1340236_length_163_cov_10.109375	81.90	116	19	2	233	347	1	115	7e-18	97.1
KJ139455.1@rrnS	NODE_1282582_length_177_cov_3.051282	82.05	117	17	4	233	347	177	63	7e-18	97.1
KJ139455.1@rrnS	NODE_1282063_length_177_cov_3.756410	81.90	116	19	2	233	347	1	115	7e-18	97.1
KJ139455.1@rrnS	NODE_1276140_length_178_cov_9.974684	81.90	116	19	2	233	347	1	115	7e-18	97.1
KJ139455.1@rrnS	NODE_1257126_length_183_cov_33.000000	81.90	116	19	2	233	347	183	69	7e-18	97.1
KJ139455.1@rrnS	NODE_2763968_length_100_cov_9874.000000	91.30	69	6	0	230	298	1	69	3e-17	95.3
KJ139455.1@rrnS	NODE_2573589_length_102_cov_19.000000	91.30	69	6	0	230	298	102	34	3e-17	95.3
KJ139455.1@rrnS	NODE_2926393_length_100_cov_66.000000	91.18	68	6	0	231	298	100	33	9e-17	93.5
KJ139455.1@rrnS	NODE_2763947_length_100_cov_9902.000000	91.18	68	6	0	231	298	1	68	9e-17	93.5
KJ139455.1@rrnS	NODE_1259333_length_183_cov_4.821429	81.20	117	20	2	232	347	183	68	9e-17	93.5
KJ139455.1@rrnS	NODE_2950430_length_100_cov_43.000000	91.04	67	6	0	232	298	100	34	3e-16	91.6
KJ139455.1@rrnS	NODE_2910091_length_100_cov_89.000000	91.04	67	6	0	232	298	100	34	3e-16	91.6
KJ139455.1@rrnS	NODE_2763982_length_100_cov_9859.000000	91.04	67	6	0	232	298	1	67	3e-16	91.6
KJ139455.1@rrnS	NODE_2741199_length_101_cov_8.500000	83.33	102	14	3	691	791	101	2	3e-16	91.6
KJ139455.1@rrnS	NODE_2725478_length_101_cov_14.500000	91.04	67	6	0	232	298	101	35	3e-16	91.6
KJ139455.1@rrnS	NODE_2575317_length_102_cov_18.000000	91.04	67	6	0	232	298	102	36	3e-16	91.6
KJ139455.1@rrnS	NODE_1552127_length_135_cov_3.527778	81.03	116	20	2	233	347	1	115	3e-16	91.6
KJ139455.1@rrnS	NODE_1434578_length_148_cov_3.163265	81.03	116	20	2	233	347	1	115	3e-16	91.6
KJ139455.1@rrnS	NODE_1386697_length_155_cov_3.964286	81.03	116	20	2	233	347	1	115	3e-16	91.6
KJ139455.1@rrnS	NODE_1369524_length_158_cov_3.288136	81.03	116	20	2	233	347	1	115	3e-16	91.6
KJ139455.1@rrnS	NODE_1343277_length_163_cov_3.375000	81.03	116	20	2	233	347	1	115	3e-16	91.6
KJ139455.1@rrnS	NODE_1343032_length_163_cov_3.609375	81.03	116	20	2	233	347	1	115	3e-16	91.6
KJ139455.1@rrnS	NODE_1277449_length_178_cov_5.215190	81.03	116	20	2	233	347	1	115	3e-16	91.6
KJ139455.1@rrnS	NODE_1260854_length_182_cov_18.108434	81.03	116	20	2	233	347	182	68	3e-16	91.6
KJ139455.1@rrnS	NODE_1258611_length_183_cov_6.797619	81.03	116	20	2	233	347	1	115	3e-16	91.6
KJ139455.1@rrnS	NODE_1234052_length_190_cov_5.076923	84.21	95	13	2	691	784	99	6	3e-16	91.6
KJ139455.1@rrnS	NODE_2691415_length_101_cov_39.500000	90.91	66	6	0	233	298	101	36	1e-15	89.8
KJ139455.1@rrnS	NODE_2612892_length_101_cov_2492.500000	90.91	66	6	0	233	298	101	36	1e-15	89.8
KJ139455.1@rrnS	NODE_2611099_length_101_cov_7471.500000	90.91	66	6	0	233	298	1	66	1e-15	89.8
KJ139455.1@rrnS	NODE_2781991_length_100_cov_2532.000000	90.62	64	6	0	235	298	100	37	2e-14	86.1
KJ139455.1@rrnS	NODE_2765719_length_100_cov_7523.000000	90.62	64	6	0	235	298	1	64	2e-14	86.1
KJ139455.1@rrnS	NODE_2758185_length_101_cov_4.000000	90.62	64	6	0	235	298	99	36	2e-14	86.1
KJ139455.1@rrnS	NODE_2755146_length_101_cov_4.000000	90.62	64	6	0	235	298	99	36	2e-14	86.1
KJ139455.1@rrnS	NODE_1821130_length_118_cov_10.842105	81.08	111	18	2	410	518	9	118	2e-14	86.1
KJ139455.1@rrnS	NODE_1409144_length_151_cov_11.653846	90.62	64	6	0	235	298	151	88	2e-14	86.1
KJ139455.1@rrnS	NODE_1294944_length_173_cov_24.270270	76.98	139	29	2	368	504	138	1	9e-12	76.8
KJ139455.1@rrnS	NODE_1219572_length_193_cov_8.542553	92.45	53	4	0	887	939	48	100	9e-12	76.8
KJ139455.1@rrnS	NODE_2762908_length_100_cov_11945.000000	92.31	52	4	0	887	938	95	44	3e-11	75.0
KJ139455.1@rrnS	NODE_2762845_length_100_cov_12091.000000	92.31	52	4	0	887	938	87	36	3e-11	75.0
KJ139455.1@rrnS	NODE_2762793_length_100_cov_12214.000000	92.31	52	4	0	887	938	94	43	3e-11	75.0
KJ139455.1@rrnS	NODE_2762784_length_100_cov_12230.000000	92.31	52	4	0	887	938	92	41	3e-11	75.0
KJ139455.1@rrnS	NODE_2762765_length_100_cov_12255.000000	92.31	52	4	0	887	938	93	42	3e-11	75.0
KJ139455.1@rrnS	NODE_2610973_length_101_cov_11391.500000	92.31	52	4	0	887	938	100	49	3e-11	75.0
KJ139455.1@rrnS	NODE_2610970_length_101_cov_11507.000000	92.31	52	4	0	887	938	69	18	3e-11	75.0
KJ139455.1@rrnS	NODE_2610934_length_101_cov_14882.500000	80.39	102	17	2	411	510	101	1	3e-11	75.0
KJ139455.1@rrnS	NODE_2500579_length_102_cov_11719.000000	92.31	52	4	0	887	938	98	47	3e-11	75.0
KJ139455.1@rrnS	NODE_2415946_length_103_cov_12211.750000	92.31	52	4	0	887	938	86	35	3e-11	75.0
KJ139455.1@rrnS	NODE_2415945_length_103_cov_12275.000000	92.31	52	4	0	887	938	91	40	3e-11	75.0
KJ139455.1@rrnS	NODE_2340861_length_104_cov_11568.800000	92.31	52	4	0	887	938	74	23	3e-11	75.0
KJ139455.1@rrnS	NODE_2170116_length_107_cov_11946.500000	92.31	52	4	0	887	938	82	31	3e-11	75.0
KJ139455.1@rrnS	NODE_1858799_length_116_cov_172.588235	92.31	52	4	0	887	938	6	57	3e-11	75.0
KJ139455.1@rrnS	NODE_1437969_length_147_cov_8.604167	92.31	52	4	0	887	938	2	53	3e-11	75.0
KJ139455.1@rrnS	NODE_1416121_length_150_cov_10.274510	92.31	52	4	0	887	938	146	95	3e-11	75.0
KJ139455.1@rrnS	NODE_1408544_length_151_cov_15.596154	92.31	52	4	0	887	938	146	95	3e-11	75.0
KJ139455.1@rrnS	NODE_1403263_length_152_cov_9.433962	92.31	52	4	0	887	938	7	58	3e-11	75.0
KJ139455.1@rrnS	NODE_1395571_length_153_cov_14.333333	92.31	52	4	0	887	938	146	95	3e-11	75.0
KJ139455.1@rrnS	NODE_1389582_length_154_cov_11.636364	92.31	52	4	0	887	938	9	60	3e-11	75.0
KJ139455.1@rrnS	NODE_1368470_length_158_cov_4.389831	92.31	52	4	0	887	938	146	95	3e-11	75.0
KJ139455.1@rrnS	NODE_1361403_length_159_cov_7.250000	78.05	123	24	2	368	488	124	3	3e-11	75.0
KJ139455.1@rrnS	NODE_1360583_length_159_cov_10.116667	92.31	52	4	0	887	938	146	95	3e-11	75.0
KJ139455.1@rrnS	NODE_1340142_length_163_cov_10.562500	92.31	52	4	0	887	938	146	95	3e-11	75.0
KJ139455.1@rrnS	NODE_1299062_length_172_cov_21.671233	78.23	124	22	4	368	488	137	16	3e-11	75.0
KJ139455.1@rrnS	NODE_1283184_length_176_cov_18.220779	92.31	52	4	0	887	938	31	82	3e-11	75.0
KJ139455.1@rrnS	NODE_1275252_length_178_cov_34.962025	92.31	52	4	0	887	938	146	95	3e-11	75.0
KJ139455.1@rrnS	NODE_1258237_length_183_cov_8.369048	92.31	52	4	0	887	938	146	95	3e-11	75.0
KJ139455.1@rrnS	NODE_1254043_length_184_cov_13.976471	92.31	52	4	0	887	938	39	90	3e-11	75.0
KJ139455.1@rrnS	NODE_1247359_length_186_cov_12.103448	92.31	52	4	0	887	938	161	110	3e-11	75.0
KJ139455.1@rrnS	NODE_601750_length_413_cov_3100.299363	92.31	52	4	0	887	938	368	317	3e-11	75.0
KJ139455.1@rrnS	NODE_2500552_length_102_cov_14468.000000	80.20	101	17	2	410	508	100	1	1e-10	73.1
KJ139455.1@rrnS	NODE_1292876_length_174_cov_5.600000	76.60	141	28	4	368	505	139	1	1e-10	73.1
KJ139455.1@rrnS	NODE_1859928_length_116_cov_80.823529	92.00	50	4	0	887	936	111	62	4e-10	71.3
KJ139455.1@rrnS	NODE_1466193_length_143_cov_171.636364	92.00	50	4	0	887	936	94	45	4e-10	71.3
KJ139455.1@rrnS	NODE_1384517_length_155_cov_7.196429	92.00	50	4	0	887	936	150	101	4e-10	71.3
KJ139455.1@rrnS	NODE_1354945_length_160_cov_12.278689	77.24	123	25	2	368	488	125	4	2e-09	69.4
KJ139455.1@rrnS	NODE_1348607_length_162_cov_2.698413	90.38	52	5	0	887	938	100	49	2e-09	69.4
KJ139455.1@rrnS	NODE_1202742_length_196_cov_70.701031	90.38	52	5	0	887	938	69	120	2e-09	69.4
KJ139455.1@rrnS	NODE_1197357_length_197_cov_16.091837	90.38	52	5	0	887	938	146	95	2e-09	69.4
KJ139455.1@rrnS	NODE_2761846_length_100_cov_14497.000000	79.59	98	17	2	410	505	97	1	5e-09	67.6
KJ139455.1@rrnS	NODE_2761880_length_100_cov_14413.000000	79.38	97	17	2	410	504	96	1	2e-08	65.8
KJ139455.1@rrnS	NODE_1403042_length_152_cov_10.320755	77.12	118	24	2	368	483	117	1	2e-08	65.8
KJ139455.1@rrnS	NODE_2761946_length_100_cov_14211.000000	81.48	81	12	2	410	488	86	7	7e-08	63.9
KJ139455.1@rrnS	NODE_2761852_length_100_cov_14485.000000	81.48	81	12	2	410	488	83	4	7e-08	63.9
KJ139455.1@rrnS	NODE_2610936_length_101_cov_14447.000000	81.48	81	12	2	410	488	85	6	7e-08	63.9
KJ139455.1@rrnS	NODE_2415935_length_103_cov_14345.500000	81.48	81	12	2	410	488	95	16	7e-08	63.9
KJ139455.1@rrnS	NODE_2340849_length_104_cov_14204.800000	81.48	81	12	2	410	488	91	12	7e-08	63.9
KJ139455.1@rrnS	NODE_2221840_length_106_cov_14589.000000	81.48	81	12	2	410	488	82	3	7e-08	63.9
KJ139455.1@rrnS	NODE_1346843_length_162_cov_5.158730	81.48	81	12	2	410	488	78	157	7e-08	63.9
KJ139455.1@rrnS	NODE_1340657_length_163_cov_8.078125	81.48	81	12	2	410	488	86	7	7e-08	63.9
KJ139455.1@rrnS	NODE_2762233_length_100_cov_13414.000000	81.69	71	13	0	368	438	73	3	9e-07	60.2
KJ139455.1@rrnS	NODE_2762092_length_100_cov_13830.000000	81.69	71	13	0	368	438	81	11	9e-07	60.2
KJ139455.1@rrnS	NODE_2762091_length_100_cov_13831.000000	81.69	71	13	0	368	438	98	28	9e-07	60.2
KJ139455.1@rrnS	NODE_2762031_length_100_cov_13962.000000	81.69	71	13	0	368	438	82	12	9e-07	60.2
KJ139455.1@rrnS	NODE_2761997_length_100_cov_14057.000000	81.69	71	13	0	368	438	83	13	9e-07	60.2
KJ139455.1@rrnS	NODE_2761940_length_100_cov_14229.000000	81.69	71	13	0	368	438	95	25	9e-07	60.2
KJ139455.1@rrnS	NODE_2610943_length_101_cov_13627.000000	81.69	71	13	0	368	438	100	30	9e-07	60.2
KJ139455.1@rrnS	NODE_2610941_length_101_cov_14023.000000	81.69	71	13	0	368	438	85	15	9e-07	60.2
KJ139455.1@rrnS	NODE_2610940_length_101_cov_14045.000000	81.69	71	13	0	368	438	97	27	9e-07	60.2
KJ139455.1@rrnS	NODE_2610939_length_101_cov_14160.000000	81.69	71	13	0	368	438	87	17	9e-07	60.2
KJ139455.1@rrnS	NODE_2550697_length_102_cov_44.000000	81.69	71	13	0	368	438	81	11	9e-07	60.2
KJ139455.1@rrnS	NODE_2530314_length_102_cov_103.000000	81.69	71	13	0	368	438	81	11	9e-07	60.2
KJ139455.1@rrnS	NODE_2500566_length_102_cov_13192.000000	81.69	71	13	0	368	438	72	2	9e-07	60.2
KJ139455.1@rrnS	NODE_2500555_length_102_cov_14271.000000	81.69	71	13	0	368	438	94	24	9e-07	60.2
KJ139455.1@rrnS	NODE_2415932_length_103_cov_14411.250000	81.69	71	13	0	368	438	91	21	9e-07	60.2
KJ139455.1@rrnS	NODE_2221843_length_106_cov_13879.428571	81.69	71	13	0	368	438	80	10	9e-07	60.2
KJ139455.1@rrnS	NODE_2221727_length_107_cov_2.750000	81.69	71	13	0	368	438	72	2	9e-07	60.2
KJ139455.1@rrnS	NODE_2188122_length_107_cov_33.500000	81.69	71	13	0	368	438	36	106	9e-07	60.2
KJ139455.1@rrnS	NODE_2136458_length_108_cov_39.111111	81.69	71	13	0	368	438	36	106	9e-07	60.2
KJ139455.1@rrnS	NODE_1972817_length_112_cov_87.076923	81.69	71	13	0	368	438	35	105	9e-07	60.2
KJ139455.1@rrnS	NODE_1959925_length_113_cov_7.571429	81.69	71	13	0	368	438	36	106	9e-07	60.2
KJ139455.1@rrnS	NODE_1957405_length_113_cov_9.571429	81.69	71	13	0	368	438	36	106	9e-07	60.2
KJ139455.1@rrnS	NODE_1894437_length_115_cov_14.000000	81.69	71	13	0	368	438	80	10	9e-07	60.2
KJ139455.1@rrnS	NODE_1839779_length_117_cov_23.555556	81.69	71	13	0	368	438	82	12	9e-07	60.2
KJ139455.1@rrnS	NODE_1815781_length_118_cov_23.105263	81.69	71	13	0	368	438	36	106	9e-07	60.2
KJ139455.1@rrnS	NODE_1774427_length_120_cov_14.523810	81.69	71	13	0	368	438	36	106	9e-07	60.2
KJ139455.1@rrnS	NODE_1740537_length_122_cov_5.086957	81.69	71	13	0	368	438	36	106	9e-07	60.2
KJ139455.1@rrnS	NODE_1663088_length_126_cov_15.962963	81.69	71	13	0	368	438	36	106	9e-07	60.2
KJ139455.1@rrnS	NODE_1605760_length_130_cov_21.258065	81.69	71	13	0	368	438	53	123	9e-07	60.2
KJ139455.1@rrnS	NODE_1605058_length_130_cov_26.580645	81.69	71	13	0	368	438	36	106	9e-07	60.2
KJ139455.1@rrnS	NODE_1586128_length_132_cov_5.212121	81.69	71	13	0	368	438	97	27	9e-07	60.2
KJ139455.1@rrnS	NODE_1569240_length_133_cov_12.911765	81.69	71	13	0	368	438	36	106	9e-07	60.2
KJ139455.1@rrnS	NODE_1226755_length_192_cov_3.526882	81.69	71	13	0	368	438	99	169	9e-07	60.2
KJ139455.1@rrnS	NODE_2123396_length_108_cov_13575.000000	81.43	70	13	0	369	438	108	39	3e-06	58.4
KJ139455.1@rrnS	NODE_1544337_length_135_cov_19.194444	81.43	70	13	0	369	438	99	30	3e-06	58.4
KJ139455.1@rrnL	NODE_1130_length_15397_cov_140.366780	79.20	1500	248	50	75	1543	2288	3754	0.0	  983
KJ139455.1@rrnL	NODE_944_length_16625_cov_16.048953	78.13	1614	270	65	25	1590	7178	5600	0.0	  948
KJ139455.1@rrnL	NODE_947_length_16581_cov_9.244813	78.30	1456	237	62	89	1499	15160	16581	0.0	  865
KJ139455.1@rrnL	NODE_947_length_16581_cov_9.244813	93.57	140	9	0	1447	1586	1	140	2e-51	  209
KJ139455.1@rrnL	NODE_930_length_16769_cov_55.665207	75.07	1528	296	67	93	1572	170	1660	9e-179	  632
KJ139455.1@rrnL	NODE_959_length_16450_cov_19.459544	77.39	1057	191	43	68	1098	15416	16450	2e-164	  584
KJ139455.1@rrnL	NODE_959_length_16450_cov_19.459544	90.97	144	13	0	1447	1590	1	144	5e-47	  195
KJ139455.1@rrnL	NODE_963_length_16437_cov_14.341780	77.18	1043	204	29	75	1098	15410	16437	4e-162	  577
KJ139455.1@rrnL	NODE_963_length_16437_cov_14.341780	89.41	255	26	1	1343	1596	45	299	8e-85	  320
KJ139455.1@rrnL	NODE_85415_length_3040_cov_5.395104	79.40	762	124	23	831	1572	913	1661	6e-141	  507
KJ139455.1@rrnL	NODE_492393_length_514_cov_7348.908434	78.51	470	81	17	150	611	511	54	6e-76	  291
KJ139455.1@rrnL	NODE_527140_length_475_cov_12478.989362	77.66	488	86	18	566	1045	475	3	2e-71	  276
KJ139455.1@rrnL	NODE_1190195_length_198_cov_29.333333	89.90	198	20	0	883	1080	198	1	2e-65	  255
KJ139455.1@rrnL	NODE_1138688_length_212_cov_22.610619	94.05	168	10	0	1343	1510	45	212	2e-65	  255
KJ139455.1@rrnL	NODE_1196317_length_198_cov_3.393939	89.90	198	18	2	1374	1570	198	2	8e-65	  254
KJ139455.1@rrnL	NODE_1218022_length_194_cov_3.200000	90.26	195	15	3	961	1153	2	194	3e-64	  252
KJ139455.1@rrnL	NODE_1195987_length_198_cov_3.616162	90.32	186	17	1	1320	1505	14	198	2e-61	  243
KJ139455.1@rrnL	NODE_603196_length_412_cov_35.993610	77.70	408	71	14	1000	1390	1	405	4e-58	  231
KJ139455.1@rrnL	NODE_1253943_length_184_cov_15.647059	89.50	181	19	0	930	1110	4	184	1e-57	  230
KJ139455.1@rrnL	NODE_1228152_length_191_cov_10.500000	90.64	171	15	1	1320	1490	21	190	2e-56	  226
KJ139455.1@rrnL	NODE_1195625_length_198_cov_3.858586	90.64	171	15	1	1320	1490	29	198	2e-56	  226
KJ139455.1@rrnL	NODE_1353755_length_160_cov_83.704918	90.62	160	15	0	950	1109	160	1	1e-52	  213
KJ139455.1@rrnL	NODE_1332548_length_165_cov_4.515152	89.82	167	13	3	989	1153	1	165	5e-52	  211
KJ139455.1@rrnL	NODE_1915432_length_114_cov_32.933333	100.00	112	0	0	1432	1543	1	112	6e-51	  207
KJ139455.1@rrnL	NODE_1303003_length_171_cov_53.069444	89.09	165	18	0	880	1044	165	1	2e-50	  206
KJ139455.1@rrnL	NODE_1745784_length_121_cov_11834.409091	94.17	120	7	0	961	1080	120	1	1e-43	  183
KJ139455.1@rrnL	NODE_1518148_length_138_cov_5.794872	91.11	135	12	0	911	1045	1	135	1e-43	  183
KJ139455.1@rrnL	NODE_1202339_length_197_cov_3.244898	83.66	202	26	6	143	342	197	1	1e-43	  183
KJ139455.1@rrnL	NODE_1630618_length_128_cov_11230.620690	92.19	128	10	0	982	1109	128	1	4e-43	  182
KJ139455.1@rrnL	NODE_1247401_length_186_cov_11.586207	84.49	187	25	3	186	371	184	1	4e-43	  182
KJ139455.1@rrnL	NODE_1568908_length_133_cov_14.205882	90.98	133	12	0	911	1043	133	1	1e-42	  180
KJ139455.1@rrnL	NODE_1565796_length_133_cov_237.441176	90.98	133	12	0	911	1043	1	133	1e-42	  180
KJ139455.1@rrnL	NODE_1520226_length_138_cov_3.897436	90.37	135	13	0	911	1045	1	135	5e-42	  178
KJ139455.1@rrnL	NODE_1225877_length_192_cov_4.634409	84.13	189	23	6	176	361	185	1	2e-41	  176
KJ139455.1@rrnL	NODE_1575544_length_133_cov_3.882353	90.23	133	13	0	911	1043	133	1	6e-41	  174
KJ139455.1@rrnL	NODE_1195629_length_198_cov_3.858586	84.75	177	23	3	186	361	25	198	6e-41	  174
KJ139455.1@rrnL	NODE_1394253_length_153_cov_126.240741	88.11	143	16	1	1320	1462	142	1	3e-39	  169
KJ139455.1@rrnL	NODE_1271376_length_179_cov_73.837500	88.11	143	16	1	1320	1462	38	179	3e-39	  169
KJ139455.1@rrnL	NODE_1329804_length_165_cov_18.166667	85.09	161	24	0	848	1008	4	164	4e-38	  165
KJ139455.1@rrnL	NODE_1458094_length_144_cov_11808.044444	88.81	134	14	1	1320	1453	11	143	1e-37	  163
KJ139455.1@rrnL	NODE_1274300_length_179_cov_3.975000	87.41	143	17	1	1320	1462	38	179	1e-37	  163
KJ139455.1@rrnL	NODE_1658792_length_126_cov_204.814815	90.91	121	9	2	1451	1570	1	120	5e-37	  161
KJ139455.1@rrnL	NODE_1354009_length_160_cov_30.327869	84.91	159	24	0	850	1008	160	2	5e-37	  161
KJ139455.1@rrnL	NODE_1237779_length_189_cov_5.566667	82.20	191	31	3	93	282	1	189	5e-37	  161
KJ139455.1@rrnL	NODE_107982_length_2650_cov_12085.426107	88.72	133	13	2	1455	1586	2	133	5e-37	  161
KJ139455.1@rrnL	NODE_1788528_length_119_cov_94.950000	90.76	119	11	0	1364	1482	119	1	2e-36	  159
KJ139455.1@rrnL	NODE_1246723_length_186_cov_60.597701	88.06	134	15	1	1320	1453	134	2	6e-36	  158
KJ139455.1@rrnL	NODE_1246698_length_186_cov_101.758621	88.06	134	15	1	1320	1453	53	185	6e-36	  158
KJ139455.1@rrnL	NODE_1267797_length_180_cov_36.629630	87.97	133	14	2	1455	1586	2	133	2e-35	  156
KJ139455.1@rrnL	NODE_1193289_length_198_cov_5.969697	87.97	133	14	2	1455	1586	1	132	2e-35	  156
KJ139455.1@rrnL	NODE_2981339_length_100_cov_25.000000	94.90	98	5	0	1409	1506	98	1	8e-35	  154
KJ139455.1@rrnL	NODE_2123404_length_108_cov_11230.000000	92.52	107	8	0	1393	1499	2	108	8e-35	  154
KJ139455.1@rrnL	NODE_2039641_length_110_cov_12146.727273	91.82	110	9	0	1373	1482	1	110	8e-35	  154
KJ139455.1@rrnL	NODE_2415948_length_103_cov_12050.750000	93.20	103	7	0	956	1058	103	1	3e-34	  152
KJ139455.1@rrnL	NODE_1429469_length_148_cov_13.591837	94.85	97	5	0	1409	1505	97	1	3e-34	  152
KJ139455.1@rrnL	NODE_1429469_length_148_cov_13.591837	93.62	47	3	0	1393	1439	101	147	9e-10	71.3
KJ139455.1@rrnL	NODE_1249601_length_186_cov_3.574713	87.31	134	16	1	1320	1453	53	185	3e-34	  152
KJ139455.1@rrnL	NODE_2170122_length_107_cov_11391.500000	93.88	98	6	0	1393	1490	10	107	4e-33	  148
KJ139455.1@rrnL	NODE_2762791_length_100_cov_12215.000000	93.00	100	7	0	955	1054	100	1	1e-32	  147
KJ139455.1@rrnL	NODE_1276650_length_178_cov_7.303797	82.18	174	26	5	89	260	8	178	5e-32	  145
KJ139455.1@rrnL	NODE_1234431_length_190_cov_4.472527	92.93	99	7	0	956	1054	99	1	5e-32	  145
KJ139455.1@rrnL	NODE_2351636_length_104_cov_143.200000	92.86	98	7	0	948	1045	4	101	2e-31	  143
KJ139455.1@rrnL	NODE_2415947_length_103_cov_12161.500000	91.26	103	9	0	1369	1471	1	103	7e-31	  141
KJ139455.1@rrnL	NODE_1973123_length_112_cov_80.076923	89.91	109	11	0	1359	1467	4	112	7e-31	  141
KJ139455.1@rrnL	NODE_2340858_length_104_cov_11886.200000	90.38	104	10	0	1364	1467	1	104	8e-30	  137
KJ139455.1@rrnL	NODE_2170119_length_107_cov_11709.250000	90.38	104	10	0	1359	1462	4	107	8e-30	  137
KJ139455.1@rrnL	NODE_2763726_length_100_cov_10309.000000	91.00	100	9	0	1011	1110	100	1	3e-29	  135
KJ139455.1@rrnL	NODE_3013941_length_100_cov_14.000000	90.91	99	9	0	1373	1471	1	99	1e-28	  134
KJ139455.1@rrnL	NODE_1535690_length_136_cov_10.189189	90.82	98	9	0	1374	1471	136	39	4e-28	  132
KJ139455.1@rrnL	NODE_1535690_length_136_cov_10.189189	100.00	36	0	0	1455	1490	4	39	1e-08	67.6
KJ139455.1@rrnL	NODE_601750_length_413_cov_3100.299363	80.46	174	29	5	75	246	171	1	5e-27	  128
KJ139455.1@rrnL	NODE_1239685_length_188_cov_29.258427	81.01	158	25	5	75	230	168	14	8e-25	  121
KJ139455.1@rrnL	NODE_1298706_length_172_cov_116.739726	86.36	110	13	2	1478	1586	1	109	3e-24	  119
KJ139455.1@rrnL	NODE_1388116_length_154_cov_42.145455	80.77	156	25	5	93	246	153	1	1e-23	  117
KJ139455.1@rrnL	NODE_1302779_length_172_cov_3.068493	89.36	94	8	2	1478	1570	172	80	1e-23	  117
KJ139455.1@rrnL	NODE_1298775_length_172_cov_52.589041	89.36	94	8	2	1478	1570	172	80	1e-23	  117
KJ139455.1@rrnL	NODE_1781363_length_120_cov_5.952381	87.63	97	10	2	186	281	96	1	5e-22	  111
KJ139455.1@rrnL	NODE_1977874_length_112_cov_34.307692	85.32	109	12	4	176	282	6	112	2e-21	  110
KJ139455.1@rrnL	NODE_1230346_length_191_cov_4.413043	88.76	89	8	2	1483	1570	1	88	7e-21	  108
KJ139455.1@rrnL	NODE_1230346_length_191_cov_4.413043	85.39	89	11	2	1499	1586	191	104	7e-16	91.6
KJ139455.1@rrnL	NODE_3032859_length_100_cov_9.000000	84.85	99	13	1	264	362	97	1	4e-18	99.0
KJ139455.1@rrnL	NODE_2727493_length_101_cov_14.000000	83.70	92	10	5	141	230	101	13	4e-13	82.4
KJ139455.1@rrnL	NODE_1622428_length_129_cov_10.200000	83.33	90	10	5	143	230	1	87	5e-12	78.7
KJ139455.1@COX3	NODE_1130_length_15397_cov_140.366780	78.55	788	163	6	1	785	9844	10628	1e-143	  514
KJ139455.1@COX3	NODE_959_length_16450_cov_19.459544	77.11	782	173	4	1	779	6272	7050	1e-123	  448
KJ139455.1@COX3	NODE_963_length_16437_cov_14.341780	75.48	783	184	6	1	779	6420	7198	7e-102	  375
KJ139455.1@CYTB	NODE_963_length_16437_cov_14.341780	75.57	1146	262	16	1	1137	12045	13181	5e-154	  549
