NC_009855.1@rrnS	NODE_16920_length_17513_cov_5599.267888	89.57	959	91	8	1	955	233	1186	0.0	 1208
NC_009855.1@rrnS	NODE_18658_length_15961_cov_3.422393	82.68	964	147	18	1	954	2273	1320	0.0	  837
NC_009855.1@rrnS	NODE_54253_length_2409_cov_2.644156	80.58	968	155	26	1	954	2385	1437	0.0	  715
NC_009855.1@rrnS	NODE_393775_length_292_cov_0.569948	94.86	292	13	2	565	854	292	1	9e-126	  455
NC_009855.1@rrnS	NODE_130488_length_634_cov_1.239252	94.12	153	8	1	803	955	634	483	2e-58	  231
NC_009855.1@rrnS	NODE_275722_length_413_cov_1.092357	100.00	43	0	0	912	954	413	371	6e-13	80.5
NC_009855.1@rrnL	NODE_16920_length_17513_cov_5599.267888	90.58	1709	147	12	1	1702	1350	3051	0.0	 2252
NC_009855.1@rrnL	NODE_18658_length_15961_cov_3.422393	78.78	1150	188	48	71	1198	1172	57	0.0	  721
NC_009855.1@rrnL	NODE_54253_length_2409_cov_2.644156	76.75	1402	249	61	3	1370	1364	6	0.0	  712
NC_009855.1@rrnL	NODE_130488_length_634_cov_1.239252	88.22	314	35	2	3	316	312	1	4e-101	  374
NC_009855.1@ND2	NODE_16920_length_17513_cov_5599.267888	79.85	1047	209	2	1	1046	4636	5681	0.0	  763
NC_009855.1@COX1	NODE_16920_length_17513_cov_5599.267888	83.88	1551	250	0	1	1551	6072	7622	0.0	 1480
NC_009855.1@COX1	NODE_26326_length_10842_cov_5.247417	80.47	1541	295	6	1	1538	2342	3879	0.0	 1173
NC_009855.1@COX1	NODE_109855_length_725_cov_1.285942	88.10	437	52	0	1	437	441	5	5e-145	  520
NC_009855.1@COX1	NODE_257547_length_428_cov_1.124620	84.34	396	62	0	451	846	422	27	1e-105	  388
NC_009855.1@COX1	NODE_351634_length_327_cov_1.048246	87.23	141	18	0	1	141	187	327	3e-37	  161
NC_009855.1@COX2	NODE_16920_length_17513_cov_5599.267888	83.00	694	115	2	1	691	7777	8470	4e-177	  625
NC_009855.1@COX2	NODE_18658_length_15961_cov_3.422393	79.94	693	135	4	1	691	11663	10973	2e-141	  507
NC_009855.1@COX2	NODE_357068_length_322_cov_0.919283	87.58	322	40	0	338	659	322	1	2e-101	  374
NC_009855.1@COX3	NODE_16920_length_17513_cov_5599.267888	86.94	781	102	0	1	781	9412	10192	0.0	  878
NC_009855.1@ND4	NODE_16920_length_17513_cov_5599.267888	81.32	1376	253	4	1	1374	10977	12350	0.0	 1114
NC_009855.1@ND5	NODE_16920_length_17513_cov_5599.267888	83.49	1841	300	4	1	1839	12573	14411	0.0	 1712
NC_009855.1@ND5	NODE_89612_length_880_cov_0.852753	87.06	881	112	2	423	1302	880	1	0.0	  994
NC_009855.1@ND5	NODE_419040_length_276_cov_0.858757	83.26	239	40	0	610	848	274	36	7e-55	  220
NC_009855.1@ND6	NODE_16920_length_17513_cov_5599.267888	80.65	522	99	2	1	521	14929	14409	2e-110	  403
NC_009855.1@CYTB	NODE_368345_length_312_cov_1.215962	85.81	310	44	0	254	563	312	3	7e-88	  329
