	26.0	27.0	28.0	29.0	30.0	31.0	32.0	33.0	34.0	35.0	36.0	37.0	38.0	39.0	40.0
Hte-CJol_087-Ex1-2H-SSL-1-1-L4-clmp.fp2_repr.R1	5.0	48.0	242.0	785.0	2272.0	5688.0	13509.0	28474.0	59212.0	114245.0	230322.0	460355.0	1232039.0	7529094.0	2558579.0
	25.0	26.0	27.0	28.0	29.0	30.0	31.0	32.0	33.0	34.0	35.0	36.0	37.0	38.0	39.0	40.0
Hte-CJol_087-Ex1-2H-SSL-1-1-L4-clmp.fp2_repr.R2	7.0	92.0	460.0	1798.0	5057.0	11359.0	21752.0	39836.0	65831.0	110770.0	182421.0	329856.0	639736.0	1922348.0	8143172.0	760374.0
	25.0	26.0	27.0	28.0	29.0	30.0	31.0	32.0	33.0	34.0	35.0	36.0	37.0	38.0	39.0	40.0
Hte-CJol_087-Ex1-2H-SSL-1-1-L5-clmp.fp2_repr.R1	1.0	9.0	46.0	240.0	842.0	2454.0	5711.0	13875.0	29546.0	61219.0	117639.0	235446.0	467159.0	1237665.0	7464704.0	2599589.0
	24.0	25.0	26.0	27.0	28.0	29.0	30.0	31.0	32.0	33.0	34.0	35.0	36.0	37.0	38.0	39.0	40.0
Hte-CJol_087-Ex1-2H-SSL-1-1-L5-clmp.fp2_repr.R2	4.0	13.0	106.0	461.0	1846.0	5074.0	11729.0	22276.0	40022.0	65478.0	110448.0	179137.0	319682.0	613655.0	1827101.0	8160744.0	878369.0
	26.0	27.0	28.0	29.0	30.0	31.0	32.0	33.0	34.0	35.0	36.0	37.0	38.0	39.0	40.0
Hte-CMvi_008-Ex1-3H-SSL-1-1-L4-clmp.fp2_repr.R1	1.0	9.0	26.0	121.0	331.0	825.0	2130.0	4589.0	9832.0	19776.0	42030.0	90214.0	261147.0	1529912.0	381919.0
	26.0	27.0	28.0	29.0	30.0	31.0	32.0	33.0	34.0	35.0	36.0	37.0	38.0	39.0	40.0
Hte-CMvi_008-Ex1-3H-SSL-1-1-L4-clmp.fp2_repr.R2	4.0	42.0	164.0	498.0	1190.0	2206.0	4240.0	7654.0	14143.0	25422.0	50785.0	111483.0	375558.0	1603224.0	146249.0
	25.0	26.0	27.0	28.0	29.0	30.0	31.0	32.0	33.0	34.0	35.0	36.0	37.0	38.0	39.0	40.0
Hte-CMvi_008-Ex1-3H-SSL-1-1-L5-clmp.fp2_repr.R1	1.0	3.0	7.0	34.0	122.0	375.0	905.0	2211.0	4690.0	10094.0	20088.0	42892.0	91154.0	262713.0	1520311.0	387307.0
	25.0	26.0	27.0	28.0	29.0	30.0	31.0	32.0	33.0	34.0	35.0	36.0	37.0	38.0	39.0	40.0
Hte-CMvi_008-Ex1-3H-SSL-1-1-L5-clmp.fp2_repr.R2	1.0	5.0	49.0	187.0	515.0	1225.0	2363.0	4234.0	7725.0	13822.0	24596.0	49289.0	105056.0	353011.0	1607500.0	173329.0

