MN066612.1@CYTB	NODE_227769_length_940_cov_4832.120095	83.89	931	150	0	58	988	10	940	0.0	  889
MN066612.1@rRNA	NODE_181593_length_1404_cov_3993.776245	90.77	542	45	4	3	541	540	1	0.0	  719
MN066612.1@rRNA	NODE_123938_length_2334_cov_4428.029978	90.86	350	25	6	606	951	9	355	6e-128	  462
MN066612.1@rRNA	NODE_535493_length_260_cov_118.614907	91.15	260	17	1	443	696	260	1	2e-93	  348
MN066612.1@rRNA	NODE_924150_length_167_cov_7.235294	92.22	167	7	1	517	677	167	1	2e-58	  231
MN066612.1@rRNA	NODE_933799_length_165_cov_16.924242	92.41	158	12	0	452	609	2	159	9e-57	  226
MN066612.1@rRNA	NODE_950432_length_163_cov_5.359375	92.86	154	11	0	456	609	160	7	3e-56	  224
MN066612.1@rRNA	NODE_930234_length_166_cov_7.462687	91.57	166	7	1	518	676	166	1	1e-55	  222
MN066612.1@rRNA	NODE_1249478_length_130_cov_896.709677	98.40	125	2	0	485	609	1	125	4e-55	  220
MN066612.1@rRNA	NODE_1183562_length_136_cov_2.702703	97.66	128	3	0	482	609	134	7	4e-55	  220
MN066612.1@rRNA	NODE_1137452_length_140_cov_5.000000	97.66	128	3	0	482	609	134	7	4e-55	  220
MN066612.1@rRNA	NODE_1116429_length_142_cov_6.162791	97.66	128	3	0	482	609	9	136	4e-55	  220
MN066612.1@rRNA	NODE_1106689_length_143_cov_6.136364	97.66	128	3	0	482	609	10	137	4e-55	  220
MN066612.1@rRNA	NODE_1102490_length_143_cov_15.295455	97.66	128	3	0	482	609	11	138	4e-55	  220
MN066612.1@rRNA	NODE_1087480_length_145_cov_6.326087	97.66	128	3	0	482	609	133	6	4e-55	  220
MN066612.1@rRNA	NODE_932033_length_166_cov_3.283582	90.96	166	7	1	518	675	1	166	5e-54	  217
MN066612.1@rRNA	NODE_1243604_length_131_cov_9.687500	97.60	125	3	0	485	609	1	125	2e-53	  215
MN066612.1@rRNA	NODE_984398_length_158_cov_5.559322	91.77	158	7	1	517	668	1	158	2e-53	  215
MN066612.1@rRNA	NODE_1046034_length_150_cov_3.235294	92.67	150	6	1	516	660	150	1	2e-52	  211
MN066612.1@rRNA	NODE_1007036_length_155_cov_3.928571	91.61	155	7	1	517	665	1	155	9e-52	  209
MN066612.1@rRNA	NODE_1172408_length_136_cov_147.405405	94.85	136	2	1	516	646	136	1	3e-51	  207
MN066612.1@rRNA	NODE_985145_length_158_cov_3.796610	91.14	158	7	1	517	667	1	158	3e-51	  207
MN066612.1@rRNA	NODE_1049480_length_149_cov_13.840000	91.95	149	6	1	517	659	149	1	4e-50	  204
MN066612.1@rRNA	NODE_1183303_length_136_cov_3.324324	94.12	136	3	1	516	646	136	1	1e-49	  202
MN066612.1@rRNA	NODE_1005800_length_155_cov_6.303571	90.97	155	7	1	517	664	155	1	1e-49	  202
MN066612.1@rRNA	NODE_1157598_length_138_cov_7.666667	93.43	137	3	1	517	647	138	2	2e-48	  198
MN066612.1@rRNA	NODE_1078625_length_146_cov_6.042553	93.43	137	3	1	517	647	1	137	2e-48	  198
MN066612.1@rRNA	NODE_1193879_length_135_cov_5.805556	93.33	135	3	1	517	645	135	1	3e-47	  195
MN066612.1@rRNA	NODE_1192701_length_135_cov_7.527778	93.33	135	3	1	517	645	135	1	3e-47	  195
MN066612.1@rRNA	NODE_1059322_length_148_cov_9.857143	91.22	148	5	1	518	657	148	1	3e-47	  195
MN066612.1@rRNA	NODE_1058252_length_148_cov_12.775510	91.22	148	6	1	518	658	1	148	3e-47	  195
MN066612.1@rRNA	NODE_1158758_length_138_cov_5.871795	92.75	138	3	1	517	647	138	1	9e-47	  193
MN066612.1@rRNA	NODE_1079146_length_146_cov_5.085106	92.75	138	3	1	517	647	146	9	9e-47	  193
MN066612.1@rRNA	NODE_1218952_length_133_cov_5.470588	93.23	133	3	1	517	643	133	1	3e-46	  191
MN066612.1@rRNA	NODE_1806035_length_108_cov_1619.777778	100.00	102	0	0	482	583	7	108	1e-45	  189
MN066612.1@rRNA	NODE_1062948_length_148_cov_3.102041	90.54	148	6	1	518	657	148	1	1e-45	  189
MN066612.1@rRNA	NODE_1193743_length_135_cov_5.972222	92.59	135	3	1	517	644	135	1	4e-45	  187
MN066612.1@rRNA	NODE_1192076_length_135_cov_8.388889	92.59	135	3	1	517	644	135	1	4e-45	  187
MN066612.1@rRNA	NODE_1220408_length_133_cov_3.764706	92.48	133	3	1	517	642	1	133	5e-44	  183
MN066612.1@rRNA	NODE_1184015_length_135_cov_113.555556	91.85	135	6	1	567	696	135	1	5e-44	  183
MN066612.1@rRNA	NODE_1326773_length_125_cov_310.846154	93.60	125	2	1	517	635	125	1	2e-43	  182
MN066612.1@rRNA	NODE_1380506_length_122_cov_2209.043478	93.28	119	8	0	456	574	4	122	9e-42	  176
MN066612.1@rRNA	NODE_1344251_length_124_cov_106.240000	92.74	124	2	1	518	634	124	1	1e-40	  172
MN066612.1@rRNA	NODE_1343284_length_125_cov_3.076923	92.00	125	3	1	517	634	125	1	2e-39	  169
MN066612.1@rRNA	NODE_2389954_length_100_cov_438.000000	97.87	94	2	0	516	609	100	7	7e-38	  163
MN066612.1@rRNA	NODE_2424115_length_100_cov_118.000000	97.85	93	2	0	517	609	100	8	3e-37	  161
MN066612.1@rRNA	NODE_2519890_length_100_cov_15.000000	96.81	94	3	0	516	609	100	7	3e-36	  158
MN066612.1@rRNA	NODE_2487823_length_100_cov_29.000000	96.81	94	3	0	516	609	100	7	3e-36	  158
MN066612.1@rRNA	NODE_2536617_length_100_cov_9.000000	96.77	93	3	0	517	609	100	8	1e-35	  156
MN066612.1@rRNA	NODE_2518463_length_100_cov_16.000000	96.77	93	3	0	517	609	100	8	1e-35	  156
MN066612.1@rRNA	NODE_21377_length_10317_cov_14.004110	96.74	92	3	0	518	609	10317	10226	4e-35	  154
MN066612.1@rRNA	NODE_1611694_length_113_cov_116.214286	91.15	113	5	1	553	660	1	113	2e-33	  148
MN066612.1@rRNA	NODE_2410537_length_100_cov_182.000000	95.56	90	4	0	606	695	11	100	3e-32	  145
MN066612.1@rRNA	NODE_1849347_length_107_cov_2346.750000	90.65	107	10	0	443	549	1	107	9e-32	  143
MN066612.1@rRNA	NODE_1495513_length_117_cov_123.500000	95.51	89	4	0	606	694	89	1	9e-32	  143
MN066612.1@rRNA	NODE_1479885_length_118_cov_21.052632	95.51	89	4	0	606	694	89	1	9e-32	  143
MN066612.1@rRNA	NODE_1856134_length_107_cov_101.625000	91.59	107	2	1	543	642	1	107	3e-31	  141
MN066612.1@rRNA	NODE_2249844_length_101_cov_2494.000000	91.00	100	9	0	452	551	2	101	2e-29	  135
MN066612.1@rRNA	NODE_2182787_length_102_cov_122.666667	91.18	102	2	1	553	647	1	102	2e-28	  132
MN066612.1@rRNA	NODE_1507246_length_117_cov_16.500000	88.03	117	6	1	567	675	117	1	2e-28	  132
MN066612.1@rRNA	NODE_2279307_length_101_cov_109.500000	91.09	101	2	1	551	644	101	1	7e-28	  130
MN066612.1@rRNA	NODE_1855675_length_107_cov_108.125000	90.91	99	2	1	556	647	1	99	9e-27	  126
MN066612.1@rRNA	NODE_1811279_length_108_cov_102.000000	87.96	108	6	1	576	676	108	1	4e-25	  121
MN066612.1@rRNA	NODE_2186812_length_102_cov_95.333333	88.24	102	5	1	564	658	1	102	2e-23	  115
MN066612.1@rRNA	NODE_1965604_length_105_cov_95.833333	87.62	105	6	1	567	664	105	1	2e-23	  115
MN066612.1@rRNA	NODE_2185339_length_102_cov_104.000000	87.25	102	6	1	573	667	1	102	9e-22	  110
MN066612.1@rRNA	NODE_123938_length_2334_cov_4428.029978	86.82	1700	195	24	3	1689	437	2120	0.0	 1871
MN066612.1@COX1	NODE_211366_length_1086_cov_3781.863222	85.56	942	132	3	1	940	940	1	0.0	  983
MN066612.1@COX2	NODE_287689_length_588_cov_3664.308793	82.39	545	96	0	1	545	44	588	6e-132	  475
MN066612.1@COX2	NODE_971444_length_160_cov_3.163934	84.87	152	23	0	1	152	5	156	3e-35	  154
MN066612.1@COX2	NODE_964674_length_160_cov_4646.213115	84.87	152	23	0	1	152	156	5	3e-35	  154
MN066612.1@COX2	NODE_965210_length_160_cov_38.606557	84.21	152	24	0	1	152	156	5	1e-33	  148
MN066612.1@COX2	NODE_1150022_length_138_cov_5056.179487	82.95	129	22	0	67	195	129	1	4e-24	  117
MN066612.1@COX3	NODE_136291_length_2082_cov_5742.934947	82.14	784	136	4	1	782	1162	1943	0.0	  669
