NC_029368.1@rrnS	NODE_7911_length_16606_cov_166.683710	96.23	956	33	2	1	955	13231	14184	0.0	 1563
NC_029368.1@rrnS	NODE_7465_length_17178_cov_52.556239	80.23	966	167	19	1	955	16815	15863	0.0	  704
NC_029368.1@rrnS	NODE_79225_length_1962_cov_1.588298	82.90	462	68	9	497	955	1962	1509	7e-111	  405
NC_029368.1@rrnS	NODE_471927_length_343_cov_1.327869	79.22	332	57	11	59	383	343	17	3e-55	  220
NC_029368.1@rrnL	NODE_7911_length_16606_cov_166.683710	96.31	1680	59	3	13	1691	14268	15945	0.0	 2756
NC_029368.1@rrnL	NODE_7465_length_17178_cov_52.556239	79.26	1451	238	54	78	1489	15625	14199	0.0	  953
NC_029368.1@rrnL	NODE_79225_length_1962_cov_1.588298	77.14	1404	241	56	75	1434	1368	1	0.0	  741
NC_029368.1@ND1	NODE_7911_length_16606_cov_166.683710	89.42	586	62	0	1	586	16021	16606	0.0	  739
NC_029368.1@ND1	NODE_7911_length_16606_cov_166.683710	88.52	488	56	0	488	975	1	488	5e-167	  592
NC_029368.1@ND2	NODE_7911_length_16606_cov_166.683710	88.35	1047	122	0	1	1047	701	1747	0.0	 1258
NC_029368.1@COX1	NODE_7911_length_16606_cov_166.683710	92.21	1554	121	0	1	1554	2138	3691	0.0	 2200
NC_029368.1@COX2	NODE_7911_length_16606_cov_166.683710	91.46	691	59	0	1	691	3841	4531	0.0	  950
NC_029368.1@ATP8	NODE_7911_length_16606_cov_166.683710	94.55	165	9	0	1	165	4609	4773	1e-66	  255
NC_029368.1@ATP6	NODE_7911_length_16606_cov_166.683710	88.56	682	78	0	1	682	4767	5448	0.0	  828
NC_029368.1@COX3	NODE_7911_length_16606_cov_166.683710	92.09	784	62	0	1	784	5449	6232	0.0	 1105
NC_029368.1@COX3	NODE_7465_length_17178_cov_52.556239	79.57	788	153	7	1	784	7679	6896	2e-156	  556
NC_029368.1@ND3	NODE_7911_length_16606_cov_166.683710	87.97	349	42	0	1	349	6305	6653	2e-113	  412
NC_029368.1@ND4L	NODE_7911_length_16606_cov_166.683710	91.92	297	24	0	1	297	6723	7019	1e-114	  416
NC_029368.1@ND4	NODE_7911_length_16606_cov_166.683710	89.83	1377	140	0	1	1377	7013	8389	0.0	 1768
NC_029368.1@ND5	NODE_7911_length_16606_cov_166.683710	89.02	1840	200	2	1	1839	8608	10446	0.0	 2278
NC_029368.1@ND5	NODE_14592_length_11257_cov_2.135419	75.70	1354	297	23	124	1461	9365	10702	0.0	  649
NC_029368.1@ND6	NODE_7911_length_16606_cov_166.683710	87.16	522	67	0	1	522	10964	10443	8e-168	  593
NC_029368.1@CYTB	NODE_7911_length_16606_cov_166.683710	89.66	1141	118	0	1	1141	11039	12179	0.0	 1454
