	13.0	14.0	15.0	16.0	17.0	18.0	19.0	20.0	21.0	22.0	23.0	24.0	25.0	26.0	27.0	28.0	29.0	30.0	31.0	32.0	33.0	34.0	35.0	36.0	37.0	38.0	39.0	40.0
Cvi-CPal_079-Ex1-1A-ssl-1-1.1	2.0	7.0	46.0	228.0	1044.0	3109.0	7023.0	14817.0	27491.0	47531.0	77286.0	119700.0	186815.0	277114.0	342149.0	445652.0	572528.0	726152.0	910238.0	1149056.0	1468350.0	1884880.0	2420337.0	3151263.0	4257332.0	6272367.0	11137373.0	28324451.0
	11.0	12.0	13.0	14.0	15.0	16.0	17.0	18.0	19.0	20.0	21.0	22.0	23.0	24.0	25.0	26.0	27.0	28.0	29.0	30.0	31.0	32.0	33.0	34.0	35.0	36.0	37.0	38.0	39.0	40.0
Cvi-CPal_079-Ex1-1A-ssl-1-1.2	53.0	1141.0	5282.0	12031.0	23371.0	78476.0	227570.0	405672.0	511730.0	560215.0	600951.0	648430.0	707144.0	773220.0	847829.0	949342.0	1030554.0	1117871.0	1232473.0	1375152.0	1546013.0	1773427.0	2077576.0	2490471.0	3026952.0	3723528.0	4666247.0	6131674.0	9466800.0	17813146.0
	13.0	14.0	15.0	16.0	17.0	18.0	19.0	20.0	21.0	22.0	23.0	24.0	25.0	26.0	27.0	28.0	29.0	30.0	31.0	32.0	33.0	34.0	35.0	36.0	37.0	38.0	39.0	40.0
Cvi-CPal_079-Ex1-1B-ssl-1-1.1	1.0	11.0	35.0	225.0	948.0	2840.0	6736.0	13657.0	24883.0	43151.0	70628.0	109167.0	178850.0	275923.0	319811.0	416219.0	538598.0	684832.0	863396.0	1106829.0	1433361.0	1851270.0	2369482.0	3050604.0	4085524.0	5965014.0	10613468.0	28103473.0
	11.0	12.0	13.0	14.0	15.0	16.0	17.0	18.0	19.0	20.0	21.0	22.0	23.0	24.0	25.0	26.0	27.0	28.0	29.0	30.0	31.0	32.0	33.0	34.0	35.0	36.0	37.0	38.0	39.0	40.0
Cvi-CPal_079-Ex1-1B-ssl-1-1.2	20.0	997.0	6590.0	15106.0	25748.0	74120.0	208443.0	371688.0	468622.0	513894.0	551339.0	596128.0	647285.0	710179.0	779622.0	886029.0	961914.0	1031311.0	1136692.0	1268113.0	1431219.0	1644090.0	1943701.0	2353598.0	2879738.0	3543587.0	4455055.0	5870364.0	9165911.0	18587833.0
	12.0	13.0	14.0	15.0	16.0	17.0	18.0	19.0	20.0	21.0	22.0	23.0	24.0	25.0	26.0	27.0	28.0	29.0	30.0	31.0	32.0	33.0	34.0	35.0	36.0	37.0	38.0	39.0	40.0
Cvi-CPal_079-Ex1-1C-ssl-1-1.1	1.0	0.0	14.0	39.0	156.0	788.0	2521.0	6025.0	12345.0	22971.0	39534.0	65632.0	102739.0	162076.0	246394.0	298480.0	390437.0	506716.0	643802.0	808455.0	1021554.0	1297873.0	1659480.0	2136549.0	2784260.0	3791497.0	5623276.0	9979541.0	24273458.0
	11.0	12.0	13.0	14.0	15.0	16.0	17.0	18.0	19.0	20.0	21.0	22.0	23.0	24.0	25.0	26.0	27.0	28.0	29.0	30.0	31.0	32.0	33.0	34.0	35.0	36.0	37.0	38.0	39.0	40.0
Cvi-CPal_079-Ex1-1C-ssl-1-1.2	31.0	944.0	4096.0	9268.0	18954.0	64216.0	190155.0	349452.0	454453.0	507718.0	554131.0	603679.0	660914.0	725157.0	794585.0	889586.0	964326.0	1042468.0	1149097.0	1277113.0	1434094.0	1632828.0	1903373.0	2263630.0	2733103.0	3342800.0	4154506.0	5375634.0	7972678.0	14803624.0

