	20.0	21.0	22.0	23.0	24.0	25.0	26.0	27.0	28.0	29.0	30.0	31.0	32.0	33.0	34.0	35.0	36.0	37.0
Dar-CJol_003-Ex1-7A-ssl-1-1.clmp.r1	1.0	9.0	65.0	738.0	10478.0	41304.0	73477.0	118988.0	183951.0	274321.0	385321.0	536486.0	747365.0	1129094.0	2078299.0	6531043.0	32796394.0	1476251.0
	20.0	21.0	22.0	23.0	24.0	25.0	26.0	27.0	28.0	29.0	30.0	31.0	32.0	33.0	34.0	35.0	36.0	37.0
Dar-CJol_003-Ex1-7A-ssl-1-1.clmp.r2	2.0	22.0	122.0	7186.0	101980.0	222585.0	286633.0	373872.0	493685.0	672906.0	931106.0	1346154.0	2043936.0	3413290.0	6791074.0	15196062.0	14240979.0	261991.0
	20.0	21.0	22.0	23.0	24.0	25.0	26.0	27.0	28.0	29.0	30.0	31.0	32.0	33.0	34.0	35.0	36.0	37.0
Dar-CJol_003-Ex1-8A-ssl-1-1.clmp.r1	2.0	12.0	73.0	939.0	13192.0	51088.0	89933.0	142987.0	216553.0	318851.0	444941.0	611519.0	846350.0	1264144.0	2303674.0	7168850.0	37152047.0	1848790.0
	20.0	21.0	22.0	23.0	24.0	25.0	26.0	27.0	28.0	29.0	30.0	31.0	32.0	33.0	34.0	35.0	36.0	37.0
Dar-CJol_003-Ex1-8A-ssl-1-1.clmp.r2	2.0	25.0	157.0	8213.0	111290.0	238250.0	303568.0	393379.0	517585.0	702801.0	969152.0	1395036.0	2104062.0	3486502.0	6957866.0	16720798.0	18183964.0	381295.0
	21.0	22.0	23.0	24.0	25.0	26.0	27.0	28.0	29.0	30.0	31.0	32.0	33.0	34.0	35.0	36.0	37.0
Dar-CJol_003-Ex1-9A-ssl-1-1.clmp.r1	9.0	59.0	870.0	12264.0	48766.0	87570.0	140609.0	214270.0	319132.0	449023.0	620115.0	867702.0	1311556.0	2417988.0	7580382.0	38586231.0	1744228.0
	20.0	21.0	22.0	23.0	24.0	25.0	26.0	27.0	28.0	29.0	30.0	31.0	32.0	33.0	34.0	35.0	36.0	37.0
Dar-CJol_003-Ex1-9A-ssl-1-1.clmp.r2	4.0	31.0	159.0	9066.0	125704.0	271202.0	347915.0	450563.0	592374.0	810663.0	1119110.0	1618966.0	2454593.0	4086800.0	8078802.0	18000595.0	16177971.0	256256.0

