NC_029714.1@rrnS	NODE_18327_length_11116_cov_1209.631479	99.79	954	1	1	1	953	982	1935	0.0	 1749
NC_029714.1@rrnS	NODE_278357_length_527_cov_13.908879	93.59	312	18	2	540	849	99	410	2e-128	  464
NC_029714.1@rrnS	NODE_153601_length_2320_cov_1.886988	79.27	603	104	18	1	592	601	9	1e-109	  401
NC_029714.1@rrnS	NODE_163617_length_2098_cov_1.828414	78.78	278	43	12	684	953	1	270	1e-40	  172
NC_029714.1@rrnL	NODE_18327_length_11116_cov_1209.631479	99.82	1660	1	1	1	1660	2008	3665	0.0	 3048
NC_029714.1@rrnL	NODE_163617_length_2098_cov_1.828414	76.46	1474	269	61	129	1561	477	1913	0.0	  728
NC_029714.1@rrnL	NODE_129062_length_2956_cov_13.031502	99.44	179	1	0	1342	1520	2569	2747	1e-86	  326
NC_029714.1@ND1	NODE_18327_length_11116_cov_1209.631479	99.69	966	3	0	1	966	3741	4706	0.0	 1768
NC_029714.1@ND1	NODE_247392_length_773_cov_2.753709	100.00	82	0	0	337	418	245	326	1e-34	  152
NC_029714.1@ND2	NODE_18327_length_11116_cov_1209.631479	99.71	1045	3	0	1	1045	4918	5962	0.0	 1914
NC_029714.1@ND2	NODE_247392_length_773_cov_2.753709	100.00	41	0	0	151	191	244	204	1e-11	76.8
NC_029714.1@COX1	NODE_18327_length_11116_cov_1209.631479	99.81	1551	3	0	1	1551	6347	7897	0.0	 2848
NC_029714.1@COX1	NODE_223164_length_1071_cov_6.413580	100.00	64	0	0	35	98	64	1	2e-24	  119
NC_029714.1@COX2	NODE_18327_length_11116_cov_1209.631479	99.71	691	2	0	1	691	8056	8746	0.0	 1266
NC_029714.1@COX2	NODE_247392_length_773_cov_2.753709	100.00	48	0	0	644	691	391	438	8e-16	89.8
NC_029714.1@ATP8	NODE_18327_length_11116_cov_1209.631479	100.00	168	0	0	1	168	8821	8988	3e-83	  311
NC_029714.1@ATP8	NODE_303677_length_440_cov_9.994135	95.62	160	6	1	9	168	97	255	2e-66	  255
NC_029714.1@ATP6	NODE_18327_length_11116_cov_1209.631479	99.85	684	1	0	1	684	8979	9662	0.0	 1258
NC_029714.1@COX3	NODE_18327_length_11116_cov_1209.631479	99.87	784	1	0	1	784	9662	10445	0.0	 1443
NC_029714.1@ND3	NODE_18327_length_11116_cov_1209.631479	99.71	349	1	0	1	349	10516	10864	0.0	  640
NC_029714.1@ND4L	NODE_543933_length_198_cov_18.838384	99.49	198	1	0	83	280	198	1	6e-98	  361
NC_029714.1@ND4L	NODE_553638_length_196_cov_14.835052	99.49	196	1	0	86	281	1	196	8e-97	  357
NC_029714.1@ND4L	NODE_544157_length_198_cov_16.646465	98.99	198	2	0	84	281	198	1	3e-96	  355
NC_029714.1@ND4L	NODE_561157_length_194_cov_38.031579	99.48	194	1	0	84	277	194	1	1e-95	  353
NC_029714.1@ND4L	NODE_556226_length_196_cov_7.824742	98.98	196	2	0	86	281	196	1	4e-95	  351
NC_029714.1@ND4L	NODE_536265_length_199_cov_8.610000	98.49	199	3	0	83	281	199	1	4e-95	  351
NC_029714.1@ND4L	NODE_569983_length_191_cov_111.260870	99.48	191	1	0	86	276	191	1	5e-94	  348
NC_029714.1@ND4L	NODE_18327_length_11116_cov_1209.631479	100.00	181	0	0	1	181	10936	11116	4e-90	  335
NC_029714.1@ND4L	NODE_610020_length_171_cov_838.208333	100.00	171	0	0	86	256	171	1	1e-84	  316
NC_029714.1@ND4L	NODE_816342_length_124_cov_6.200000	99.19	124	1	0	158	281	124	1	9e-57	  224
NC_029714.1@ND4L	NODE_858538_length_119_cov_993.350000	100.00	119	0	0	158	276	119	1	1e-55	  220
NC_029714.1@ND4L	NODE_67350_length_5505_cov_1112.267481	100.00	114	0	0	184	297	5505	5392	7e-53	  211
NC_029714.1@ND4L	NODE_739284_length_134_cov_21.285714	99.13	115	1	0	183	297	1	115	9e-52	  207
NC_029714.1@ND4L	NODE_637084_length_161_cov_3.725806	99.13	115	1	0	183	297	161	47	9e-52	  207
NC_029714.1@ND4L	NODE_772599_length_129_cov_14.033333	99.12	114	1	0	184	297	129	16	3e-51	  206
NC_029714.1@ND4L	NODE_1270847_length_102_cov_1013.333333	100.00	102	0	0	179	280	102	1	3e-46	  189
NC_029714.1@ND4L	NODE_1334963_length_101_cov_868.000000	100.00	101	0	0	84	184	101	1	1e-45	  187
NC_029714.1@ND4L	NODE_1202909_length_104_cov_24.200000	99.04	104	1	0	178	281	104	1	1e-45	  187
NC_029714.1@ND4L	NODE_1425056_length_100_cov_881.000000	100.00	100	0	0	83	182	100	1	4e-45	  185
NC_029714.1@ND4L	NODE_1423877_length_100_cov_1018.000000	100.00	100	0	0	178	277	100	1	4e-45	  185
NC_029714.1@ND4L	NODE_1423630_length_100_cov_1048.000000	100.00	100	0	0	182	281	100	1	4e-45	  185
NC_029714.1@ND4L	NODE_1423405_length_100_cov_1081.000000	100.00	100	0	0	183	282	100	1	4e-45	  185
NC_029714.1@ND4L	NODE_1266920_length_103_cov_9.000000	99.03	103	1	0	179	281	103	1	4e-45	  185
NC_029714.1@ND4L	NODE_1245206_length_103_cov_35.000000	99.03	103	1	0	179	281	103	1	4e-45	  185
NC_029714.1@ND4L	NODE_1236678_length_103_cov_54.750000	99.03	103	1	0	179	281	1	103	4e-45	  185
NC_029714.1@ND4L	NODE_1546518_length_100_cov_12.000000	100.00	99	0	0	184	282	99	1	1e-44	  183
NC_029714.1@ND4L	NODE_1466397_length_100_cov_97.000000	100.00	99	0	0	82	180	100	2	1e-44	  183
NC_029714.1@ND4L	NODE_1447109_length_100_cov_190.000000	100.00	99	0	0	83	181	100	2	1e-44	  183
NC_029714.1@ND4L	NODE_1322072_length_102_cov_16.000000	100.00	99	0	0	186	284	99	1	1e-44	  183
NC_029714.1@ND4L	NODE_1347705_length_101_cov_154.500000	100.00	98	0	0	84	181	101	4	5e-44	  182
NC_029714.1@ND4L	NODE_1217185_length_104_cov_6.800000	98.08	104	2	0	179	282	104	1	5e-44	  182
NC_029714.1@ND4L	NODE_1212013_length_104_cov_12.200000	98.08	104	2	0	178	281	104	1	5e-44	  182
NC_029714.1@ND4L	NODE_1499990_length_100_cov_43.000000	99.00	100	1	0	183	282	100	1	2e-43	  180
NC_029714.1@ND4L	NODE_1481263_length_100_cov_66.000000	99.00	100	1	0	178	277	1	100	2e-43	  180
NC_029714.1@ND4L	NODE_1267537_length_103_cov_8.500000	98.06	103	2	0	179	281	103	1	2e-43	  180
NC_029714.1@ND4	NODE_67350_length_5505_cov_1112.267481	99.78	1381	3	0	1	1381	5398	4018	0.0	 2534
NC_029714.1@ND4	NODE_247392_length_773_cov_2.753709	96.97	66	1	1	458	523	57	121	1e-21	  110
NC_029714.1@ND4	NODE_637084_length_161_cov_3.725806	100.00	53	0	0	1	53	53	1	3e-18	99.0
NC_029714.1@ND5	NODE_67350_length_5505_cov_1112.267481	99.62	1821	7	0	1	1821	3802	1982	0.0	 3325
NC_029714.1@ND5	NODE_106563_length_3684_cov_9.290098	92.35	170	12	1	1536	1704	281	112	6e-61	  241
NC_029714.1@ND5	NODE_399191_length_277_cov_1.084270	97.33	75	0	2	1536	1610	1	73	2e-26	  126
NC_029714.1@ND5	NODE_247392_length_773_cov_2.753709	97.30	37	1	0	1	37	158	122	1e-07	63.9
NC_029714.1@ND6	NODE_67350_length_5505_cov_1112.267481	99.81	516	1	0	1	516	1470	1985	0.0	  948
NC_029714.1@ND6	NODE_16977_length_11454_cov_6.461207	76.40	445	92	12	79	516	10546	10984	1e-57	  228
NC_029714.1@CYTB	NODE_67350_length_5505_cov_1112.267481	99.82	1138	2	0	1	1138	1400	263	0.0	 2091
