	20.0	21.0	22.0	23.0	24.0	25.0	26.0	27.0	28.0	29.0	30.0	31.0	32.0	33.0	34.0	35.0	36.0	37.0	38.0	39.0	40.0
Hte-CJol_087-Ex1-2H-SSL-1-1-L4-clmp.r1	43.0	634.0	2647.0	6521.0	13615.0	21731.0	30541.0	38307.0	49901.0	62000.0	78807.0	98666.0	130591.0	167450.0	234302.0	328253.0	513468.0	837327.0	1928749.0	10349879.0	5033282.0
	19.0	20.0	21.0	22.0	23.0	24.0	25.0	26.0	27.0	28.0	29.0	30.0	31.0	32.0	33.0	34.0	35.0	36.0	37.0	38.0	39.0	40.0
Hte-CJol_087-Ex1-2H-SSL-1-1-L4-clmp.r2	48.0	6447.0	28198.0	41039.0	46593.0	56679.0	67295.0	78608.0	84114.0	96424.0	105748.0	122869.0	141271.0	175867.0	214305.0	286269.0	390046.0	607901.0	1028448.0	2674549.0	10833710.0	2840286.0
	20.0	21.0	22.0	23.0	24.0	25.0	26.0	27.0	28.0	29.0	30.0	31.0	32.0	33.0	34.0	35.0	36.0	37.0	38.0	39.0	40.0
Hte-CJol_087-Ex1-2H-SSL-1-1-L5-clmp.r1	48.0	648.0	2524.0	6561.0	13975.0	21894.0	30996.0	38708.0	50340.0	62302.0	79094.0	99086.0	130903.0	169518.0	237113.0	331735.0	518842.0	842710.0	1932910.0	10276091.0	5048343.0
	19.0	20.0	21.0	22.0	23.0	24.0	25.0	26.0	27.0	28.0	29.0	30.0	31.0	32.0	33.0	34.0	35.0	36.0	37.0	38.0	39.0	40.0
Hte-CJol_087-Ex1-2H-SSL-1-1-L5-clmp.r2	54.0	6010.0	27500.0	40463.0	46093.0	56632.0	67809.0	77915.0	83882.0	94904.0	104622.0	121856.0	139120.0	172019.0	210145.0	281170.0	380788.0	591282.0	993358.0	2563786.0	10827944.0	3006989.0
	20.0	21.0	22.0	23.0	24.0	25.0	26.0	27.0	28.0	29.0	30.0	31.0	32.0	33.0	34.0	35.0	36.0	37.0	38.0	39.0	40.0
Hte-CMvi_008-Ex1-3H-SSL-1-1-L4-clmp.r1	3.0	77.0	286.0	830.0	1620.0	2505.0	3508.0	4769.0	6335.0	7877.0	10237.0	12825.0	16901.0	21889.0	30710.0	43611.0	70692.0	125136.0	318534.0	1705197.0	504071.0
	19.0	20.0	21.0	22.0	23.0	24.0	25.0	26.0	27.0	28.0	29.0	30.0	31.0	32.0	33.0	34.0	35.0	36.0	37.0	38.0	39.0	40.0
Hte-CMvi_008-Ex1-3H-SSL-1-1-L4-clmp.r2	3.0	391.0	1813.0	2826.0	3252.0	4404.0	5378.0	6782.0	7426.0	8828.0	10049.0	11897.0	13950.0	17950.0	23054.0	32417.0	47015.0	79057.0	150356.0	442275.0	1769299.0	249191.0
	20.0	21.0	22.0	23.0	24.0	25.0	26.0	27.0	28.0	29.0	30.0	31.0	32.0	33.0	34.0	35.0	36.0	37.0	38.0	39.0	40.0
Hte-CMvi_008-Ex1-3H-SSL-1-1-L5-clmp.r1	8.0	80.0	291.0	782.0	1577.0	2459.0	3468.0	4615.0	6142.0	7666.0	10096.0	12788.0	16980.0	21932.0	30767.0	43955.0	71604.0	125854.0	319655.0	1696090.0	508450.0
	19.0	20.0	21.0	22.0	23.0	24.0	25.0	26.0	27.0	28.0	29.0	30.0	31.0	32.0	33.0	34.0	35.0	36.0	37.0	38.0	39.0	40.0
Hte-CMvi_008-Ex1-3H-SSL-1-1-L5-clmp.r2	2.0	365.0	1759.0	2664.0	3426.0	4487.0	5470.0	6600.0	7433.0	8533.0	9775.0	11879.0	13894.0	17674.0	22432.0	31345.0	45497.0	76873.0	142717.0	418413.0	1773844.0	280177.0

