	14.0	15.0	16.0	17.0	18.0	19.0	20.0	21.0	22.0	23.0	24.0	25.0	26.0	27.0	28.0	29.0	30.0	31.0	32.0	33.0	34.0	35.0	36.0	37.0
Gma-CRag_001-Ex1-11C-ssl-1-1.1	34.0	326.0	1345.0	2881.0	5225.0	7982.0	11999.0	17351.0	24848.0	37116.0	55254.0	81985.0	118239.0	164202.0	223566.0	300323.0	397117.0	526531.0	732005.0	1117518.0	2135554.0	7168059.0	36849439.0	1283808.0
	11.0	12.0	13.0	14.0	15.0	16.0	17.0	18.0	19.0	20.0	21.0	22.0	23.0	24.0	25.0	26.0	27.0	28.0	29.0	30.0	31.0	32.0	33.0	34.0	35.0	36.0	37.0
Gma-CRag_001-Ex1-11C-ssl-1-1.2	4.0	160.0	1119.0	3266.0	6090.0	9472.0	14193.0	21705.0	33092.0	50552.0	76915.0	113735.0	160347.0	234075.0	283136.0	319867.0	401117.0	511112.0	669989.0	893717.0	1268630.0	1989723.0	3545745.0	7613297.0	17735671.0	15216858.0	89120.0
	13.0	14.0	15.0	16.0	17.0	18.0	19.0	20.0	21.0	22.0	23.0	24.0	25.0	26.0	27.0	28.0	29.0	30.0	31.0	32.0	33.0	34.0	35.0	36.0	37.0
Gma-CRag_001-Ex1-12B-ssl-1-1.1	3.0	52.0	514.0	1912.0	4037.0	6721.0	10346.0	15649.0	22718.0	32502.0	46761.0	67730.0	98384.0	136999.0	187663.0	252618.0	333993.0	433269.0	568067.0	779676.0	1178905.0	2232947.0	7447611.0	36752619.0	1294967.0
	11.0	12.0	13.0	14.0	15.0	16.0	17.0	18.0	19.0	20.0	21.0	22.0	23.0	24.0	25.0	26.0	27.0	28.0	29.0	30.0	31.0	32.0	33.0	34.0	35.0	36.0	37.0
Gma-CRag_001-Ex1-12B-ssl-1-1.2	11.0	222.0	1369.0	3892.0	7190.0	11658.0	18421.0	28217.0	41861.0	62489.0	93183.0	137046.0	203257.0	338564.0	369859.0	383006.0	474148.0	597459.0	777008.0	1030236.0	1457488.0	2288360.0	4056658.0	8463936.0	17712212.0	13272337.0	76576.0
	13.0	14.0	15.0	16.0	17.0	18.0	19.0	20.0	21.0	22.0	23.0	24.0	25.0	26.0	27.0	28.0	29.0	30.0	31.0	32.0	33.0	34.0	35.0	36.0	37.0
Gma-CRag_001-Ex1-13A-ssl-1-1.1	3.0	52.0	393.0	1475.0	3178.0	5742.0	9700.0	14448.0	22067.0	32778.0	49407.0	72928.0	108181.0	155175.0	215549.0	293580.0	392236.0	510957.0	668361.0	916487.0	1384215.0	2598617.0	8590442.0	45801611.0	1818120.0
	11.0	12.0	13.0	14.0	15.0	16.0	17.0	18.0	19.0	20.0	21.0	22.0	23.0	24.0	25.0	26.0	27.0	28.0	29.0	30.0	31.0	32.0	33.0	34.0	35.0	36.0	37.0
Gma-CRag_001-Ex1-13A-ssl-1-1.2	2.0	85.0	1019.0	3154.0	6104.0	9655.0	14471.0	22112.0	33397.0	52788.0	82352.0	123765.0	180745.0	286972.0	377779.0	393880.0	475420.0	605056.0	785911.0	1044237.0	1460881.0	2264825.0	4005687.0	8675371.0	21444764.0	21165591.0	149679.0

