NC_051497.1@rrnS	NODE_143323_length_577_cov_2606.453975	98.39	560	9	0	1	560	560	1	0.0	  985
NC_051497.1@rrnS	NODE_86792_length_1672_cov_3014.596313	96.36	495	17	1	462	956	1	494	0.0	  813
NC_051497.1@rrnS	NODE_13295_length_16491_cov_18.597609	81.47	966	151	20	1	951	13975	14927	0.0	  767
NC_051497.1@rrnS	NODE_86901_length_1669_cov_6.534395	93.15	496	32	2	462	956	1	495	0.0	  726
NC_051497.1@rrnS	NODE_33262_length_6910_cov_1.697548	82.03	306	51	4	1	305	4534	4836	2e-66	  257
NC_051497.1@rrnS	NODE_20815_length_11275_cov_6.737115	100.00	82	0	0	1	82	82	1	1e-34	  152
NC_051497.1@rrnS	NODE_20501_length_11433_cov_3282.731163	100.00	82	0	0	1	82	11352	11433	1e-34	  152
NC_051497.1@rrnL	NODE_86792_length_1672_cov_3014.596313	93.42	1110	68	3	1	1109	567	1672	0.0	 1640
NC_051497.1@rrnL	NODE_86901_length_1669_cov_6.534395	92.71	1111	71	8	1	1109	567	1669	0.0	 1594
NC_051497.1@rrnL	NODE_55344_length_3526_cov_2831.276335	95.65	689	28	2	1011	1698	1	688	0.0	 1105
NC_051497.1@rrnL	NODE_13295_length_16491_cov_18.597609	79.93	1520	246	52	2	1497	15007	16491	0.0	 1062
NC_051497.1@rrnL	NODE_33262_length_6910_cov_1.697548	79.63	1394	229	45	73	1443	5549	6910	0.0	  950
NC_051497.1@rrnL	NODE_65448_length_2716_cov_7.956439	91.41	128	11	0	1545	1672	2714	2587	1e-41	  176
NC_051497.1@rrnL	NODE_1066_length_60145_cov_8.584902	93.65	63	4	0	622	684	19880	19818	3e-17	95.3
NC_051497.1@ND1	NODE_55344_length_3526_cov_2831.276335	87.79	975	119	0	1	975	764	1738	0.0	 1142
NC_051497.1@ND2	NODE_65448_length_2716_cov_7.956439	83.03	1037	172	4	1	1035	1300	266	0.0	  937
NC_051497.1@COX1	NODE_20501_length_11433_cov_3282.731163	89.74	1520	156	0	43	1562	1	1520	0.0	 1943
NC_051497.1@COX1	NODE_20815_length_11275_cov_6.737115	87.50	1520	190	0	43	1562	11275	9756	0.0	 1755
NC_051497.1@COX1	NODE_13295_length_16491_cov_18.597609	82.42	1536	270	0	1	1536	2866	4401	0.0	 1341
NC_051497.1@COX1	NODE_55344_length_3526_cov_2831.276335	96.45	141	5	0	1	141	3386	3526	6e-59	  233
NC_051497.1@COX2	NODE_20501_length_11433_cov_3282.731163	88.86	691	77	0	1	691	1698	2388	0.0	  850
NC_051497.1@COX2	NODE_20815_length_11275_cov_6.737115	87.65	688	85	0	1	688	9579	8892	0.0	  800
NC_051497.1@ATP6	NODE_20815_length_11275_cov_6.737115	80.58	685	131	2	1	684	8653	7970	1e-147	  527
NC_051497.1@COX3	NODE_20501_length_11433_cov_3282.731163	89.30	785	84	0	1	785	3306	4090	0.0	  985
NC_051497.1@COX3	NODE_20815_length_11275_cov_6.737115	84.86	786	117	2	1	785	7970	7186	0.0	  791
NC_051497.1@ND4L	NODE_20815_length_11275_cov_6.737115	86.20	297	41	0	1	297	6695	6399	2e-86	  322
NC_051497.1@ND4	NODE_20501_length_11433_cov_3282.731163	86.74	1380	177	5	1	1377	4871	6247	0.0	 1530
NC_051497.1@ND5	NODE_20501_length_11433_cov_3282.731163	86.64	1841	242	4	31	1869	6501	8339	0.0	 2034
NC_051497.1@CYTB	NODE_20501_length_11433_cov_3282.731163	86.50	1141	154	0	1	1141	8934	10074	0.0	 1254
