	25.0	26.0	27.0	28.0	29.0	30.0	31.0	32.0	33.0	34.0	35.0	36.0	37.0	38.0	39.0	40.0
Sde-CMat_061-Ex1-7A-ssl.clmp.fp2_repr.R1	1.0	22.0	259.0	1529.0	6177.0	19551.0	50828.0	116223.0	244328.0	474681.0	843732.0	1342552.0	1882870.0	2392042.0	2754283.0	1284145.0
	24.0	25.0	26.0	27.0	28.0	29.0	30.0	31.0	32.0	33.0	34.0	35.0	36.0	37.0	38.0	39.0	40.0
Sde-CMat_061-Ex1-7A-ssl.clmp.fp2_repr.R2	7.0	126.0	1204.0	6050.0	18556.0	43240.0	85828.0	151344.0	246493.0	381661.0	570048.0	826998.0	1165434.0	1593422.0	2090644.0	2501014.0	1731154.0
	25.0	26.0	27.0	28.0	29.0	30.0	31.0	32.0	33.0	34.0	35.0	36.0	37.0	38.0	39.0	40.0
Sde-CMat_061-Ex1-8A-ssl.clmp.fp2_repr.R1	3.0	87.0	778.0	4435.0	18116.0	55235.0	140635.0	314747.0	648217.0	1239994.0	2184853.0	3458962.0	4846622.0	6162213.0	7239412.0	3521162.0
	24.0	25.0	26.0	27.0	28.0	29.0	30.0	31.0	32.0	33.0	34.0	35.0	36.0	37.0	38.0	39.0	40.0
Sde-CMat_061-Ex1-8A-ssl.clmp.fp2_repr.R2	11.0	308.0	2610.0	12623.0	39573.0	95427.0	190348.0	336076.0	552406.0	864787.0	1316332.0	1941945.0	2803532.0	3970706.0	5512042.0	7129342.0	5067403.0
	25.0	26.0	27.0	28.0	29.0	30.0	31.0	32.0	33.0	34.0	35.0	36.0	37.0	38.0	39.0	40.0
Sde-CMat_061-Ex1-9A-ssl.clmp.fp2_repr.R1	1.0	18.0	238.0	1443.0	5775.0	17703.0	46187.0	104892.0	217644.0	422521.0	747060.0	1183662.0	1654796.0	2091147.0	2400747.0	1108119.0
	24.0	25.0	26.0	27.0	28.0	29.0	30.0	31.0	32.0	33.0	34.0	35.0	36.0	37.0	38.0	39.0	40.0
Sde-CMat_061-Ex1-9A-ssl.clmp.fp2_repr.R2	4.0	128.0	1015.0	4889.0	15465.0	36915.0	72550.0	127965.0	209710.0	325273.0	488120.0	710425.0	1003735.0	1375981.0	1818491.0	2220313.0	1590974.0

