	12.0	13.0	14.0	15.0	16.0	17.0	18.0	19.0	20.0	21.0	22.0	23.0	24.0	25.0	26.0	27.0	28.0	29.0	30.0	31.0	32.0	33.0	34.0	35.0	36.0	37.0	38.0	39.0	40.0
Sde-CMat_061-Ex1-7A-ssl.1	1.0	20.0	268.0	2006.0	10045.0	33420.0	79938.0	150138.0	244042.0	358439.0	495816.0	664154.0	970076.0	1357776.0	1127189.0	1259713.0	1460834.0	1681662.0	1935197.0	2226518.0	2532495.0	2817491.0	3093398.0	3398660.0	3743802.0	4135951.0	4578573.0	4890290.0	2304937.0
	8.0	9.0	10.0	11.0	12.0	13.0	14.0	15.0	16.0	17.0	18.0	19.0	20.0	21.0	22.0	23.0	24.0	25.0	26.0	27.0	28.0	29.0	30.0	31.0	32.0	33.0	34.0	35.0	36.0	37.0	38.0	39.0	40.0
Sde-CMat_061-Ex1-7A-ssl.2	3.0	41.0	81.0	1112.0	17352.0	109629.0	237278.0	220401.0	240381.0	327104.0	407066.0	471159.0	532131.0	595668.0	667918.0	750421.0	857494.0	1097935.0	1460208.0	1183822.0	1226432.0	1337811.0	1481676.0	1680853.0	1959050.0	2297051.0	2626023.0	2971463.0	3387031.0	3903712.0	4549761.0	5201565.0	3753217.0
	12.0	13.0	14.0	15.0	16.0	17.0	18.0	19.0	20.0	21.0	22.0	23.0	24.0	25.0	26.0	27.0	28.0	29.0	30.0	31.0	32.0	33.0	34.0	35.0	36.0	37.0	38.0	39.0	40.0
Sde-CMat_061-Ex1-8A-ssl.1	2.0	38.0	538.0	4394.0	22142.0	76545.0	187494.0	360548.0	593269.0	880491.0	1226894.0	1664730.0	2533752.0	3825994.0	2839812.0	3059595.0	3532117.0	4063842.0	4678158.0	5389169.0	6153398.0	6876107.0	7594036.0	8368968.0	9263667.0	10288771.0	11475525.0	12550686.0	6178977.0
	8.0	9.0	10.0	11.0	12.0	13.0	14.0	15.0	16.0	17.0	18.0	19.0	20.0	21.0	22.0	23.0	24.0	25.0	26.0	27.0	28.0	29.0	30.0	31.0	32.0	33.0	34.0	35.0	36.0	37.0	38.0	39.0	40.0
Sde-CMat_061-Ex1-8A-ssl.2	19.0	161.0	171.0	4628.0	69609.0	378271.0	591880.0	428956.0	465571.0	652157.0	835079.0	993105.0	1147042.0	1311727.0	1494414.0	1707100.0	1999997.0	2767856.0	3891361.0	2839131.0	2906945.0	3183472.0	3546952.0	4038710.0	4726831.0	5555028.0	6408724.0	7304533.0	8420067.0	9869368.0	11844409.0	14083536.0	10222849.0
	13.0	14.0	15.0	16.0	17.0	18.0	19.0	20.0	21.0	22.0	23.0	24.0	25.0	26.0	27.0	28.0	29.0	30.0	31.0	32.0	33.0	34.0	35.0	36.0	37.0	38.0	39.0	40.0
Sde-CMat_061-Ex1-9A-ssl.1	18.0	274.0	2113.0	10412.0	34405.0	80848.0	152677.0	247117.0	362377.0	504886.0	683532.0	1061425.0	1587741.0	1123109.0	1213510.0	1398231.0	1608771.0	1844866.0	2117979.0	2411830.0	2675779.0	2928355.0	3196013.0	3500466.0	3833562.0	4210008.0	4462289.0	2085037.0
	8.0	9.0	10.0	11.0	12.0	13.0	14.0	15.0	16.0	17.0	18.0	19.0	20.0	21.0	22.0	23.0	24.0	25.0	26.0	27.0	28.0	29.0	30.0	31.0	32.0	33.0	34.0	35.0	36.0	37.0	38.0	39.0	40.0
Sde-CMat_061-Ex1-9A-ssl.2	3.0	35.0	60.0	1719.0	27274.0	135257.0	227081.0	178637.0	205924.0	291253.0	365682.0	427986.0	486718.0	548593.0	621411.0	707450.0	825493.0	1146717.0	1643526.0	1157479.0	1159235.0	1255860.0	1391660.0	1575964.0	1839872.0	2163322.0	2477366.0	2800868.0	3187222.0	3667085.0	4276133.0	4931398.0	3613347.0

