	24.0	25.0	26.0	27.0	28.0	29.0	30.0	31.0	32.0	33.0	34.0	35.0	36.0	37.0	38.0	39.0	40.0
Cvi-CPal_079-Ex1-1A-ssl-1-1.clmp.fp2_repr.R1	1.0	9.0	108.0	944.0	4367.0	14297.0	36736.0	78458.0	149643.0	260656.0	433525.0	697619.0	1124214.0	1851576.0	3275052.0	6776381.0	18994081.0
	24.0	25.0	26.0	27.0	28.0	29.0	30.0	31.0	32.0	33.0	34.0	35.0	36.0	37.0	38.0	39.0	40.0
Cvi-CPal_079-Ex1-1A-ssl-1-1.clmp.fp2_repr.R2	38.0	734.0	5983.0	26428.0	77000.0	170414.0	312110.0	502198.0	743879.0	1041949.0	1407232.0	1850940.0	2393757.0	3087751.0	4089766.0	6123081.0	11864407.0
	24.0	25.0	26.0	27.0	28.0	29.0	30.0	31.0	32.0	33.0	34.0	35.0	36.0	37.0	38.0	39.0	40.0
Cvi-CPal_079-Ex1-1B-ssl-1-1.clmp.fp2_repr.R1	2.0	13.0	116.0	936.0	4432.0	14068.0	35779.0	76124.0	144471.0	249817.0	413706.0	661128.0	1059021.0	1740305.0	3070973.0	6377828.0	18427354.0
	24.0	25.0	26.0	27.0	28.0	29.0	30.0	31.0	32.0	33.0	34.0	35.0	36.0	37.0	38.0	39.0	40.0
Cvi-CPal_079-Ex1-1B-ssl-1-1.clmp.fp2_repr.R2	30.0	684.0	5375.0	24058.0	69876.0	154333.0	283056.0	456790.0	676598.0	950797.0	1285019.0	1695871.0	2208072.0	2882191.0	3865412.0	5920972.0	11796939.0
	24.0	25.0	26.0	27.0	28.0	29.0	30.0	31.0	32.0	33.0	34.0	35.0	36.0	37.0	38.0	39.0	40.0
Cvi-CPal_079-Ex1-1C-ssl-1-1.clmp.fp2_repr.R1	1.0	8.0	108.0	799.0	3920.0	12853.0	32721.0	70646.0	136229.0	238981.0	396501.0	643046.0	1033979.0	1706478.0	3021801.0	6233630.0	17144002.0
	23.0	24.0	25.0	26.0	27.0	28.0	29.0	30.0	31.0	32.0	33.0	34.0	35.0	36.0	37.0	38.0	39.0	40.0
Cvi-CPal_079-Ex1-1C-ssl-1-1.clmp.fp2_repr.R2	1.0	50.0	752.0	5920.0	25624.0	74095.0	163185.0	297714.0	476229.0	703266.0	981260.0	1318394.0	1729295.0	2231734.0	2861983.0	3759153.0	5512755.0	10534293.0

