	24.0	25.0	26.0	27.0	28.0	29.0	30.0	31.0	32.0	33.0	34.0	35.0	36.0	37.0	38.0	39.0	40.0
Sde-CMat_061-Ex1-7A-ssl.clmp.fp2_repr.R1	2.0	110.0	1139.0	6770.0	27663.0	80899.0	189139.0	379137.0	683390.0	1130679.0	1734989.0	2444087.0	3112009.0	3561158.0	3798437.0	4064928.0	2828271.0
	23.0	24.0	25.0	26.0	27.0	28.0	29.0	30.0	31.0	32.0	33.0	34.0	35.0	36.0	37.0	38.0	39.0	40.0
Sde-CMat_061-Ex1-7A-ssl.clmp.fp2_repr.R2	11.0	607.0	6125.0	28225.0	83987.0	182499.0	322227.0	503253.0	722858.0	981314.0	1281762.0	1626570.0	2002397.0	2389381.0	2788517.0	3230586.0	3802954.0	4089534.0
	24.0	25.0	26.0	27.0	28.0	29.0	30.0	31.0	32.0	33.0	34.0	35.0	36.0	37.0	38.0	39.0	40.0
Sde-CMat_061-Ex1-8A-ssl.clmp.fp2_repr.R1	9.0	281.0	3106.0	18862.0	75019.0	217398.0	501722.0	991047.0	1750115.0	2854147.0	4327528.0	6063519.0	7725965.0	8877376.0	9513258.0	10331520.0	7166401.0
	23.0	24.0	25.0	26.0	27.0	28.0	29.0	30.0	31.0	32.0	33.0	34.0	35.0	36.0	37.0	38.0	39.0	40.0
Sde-CMat_061-Ex1-8A-ssl.clmp.fp2_repr.R2	40.0	1279.0	13051.0	60913.0	180058.0	394780.0	709751.0	1122367.0	1625722.0	2237327.0	2964671.0	3824296.0	4799009.0	5858359.0	7030030.0	8470456.0	10418687.0	10706477.0
	24.0	25.0	26.0	27.0	28.0	29.0	30.0	31.0	32.0	33.0	34.0	35.0	36.0	37.0	38.0	39.0	40.0
Sde-CMat_061-Ex1-9A-ssl.clmp.fp2_repr.R1	4.0	80.0	1028.0	6414.0	25765.0	75350.0	174659.0	349155.0	623609.0	1026429.0	1568733.0	2196577.0	2788332.0	3184340.0	3396485.0	3670302.0	2585266.0
	23.0	24.0	25.0	26.0	27.0	28.0	29.0	30.0	31.0	32.0	33.0	34.0	35.0	36.0	37.0	38.0	39.0	40.0
Sde-CMat_061-Ex1-9A-ssl.clmp.fp2_repr.R2	23.0	499.0	5111.0	24263.0	71585.0	156767.0	278937.0	435017.0	626578.0	854749.0	1122144.0	1426783.0	1764756.0	2116868.0	2481080.0	2900029.0	3496662.0	3910677.0

