	13.0	14.0	15.0	16.0	17.0	18.0	19.0	20.0	21.0	22.0	23.0	24.0	25.0	26.0	27.0	28.0	29.0	30.0	31.0	32.0	33.0	34.0	35.0	36.0	37.0
Dar-CJol_003-Ex1-7A-ssl-1-1.1	1.0	24.0	286.0	1214.0	2717.0	4650.0	7145.0	10368.0	15238.0	22028.0	33739.0	51873.0	82046.0	123404.0	179537.0	254889.0	354015.0	479431.0	655189.0	925768.0	1456268.0	3204845.0	10643279.0	45690385.0	1405764.0
	11.0	12.0	13.0	14.0	15.0	16.0	17.0	18.0	19.0	20.0	21.0	22.0	23.0	24.0	25.0	26.0	27.0	28.0	29.0	30.0	31.0	32.0	33.0	34.0	35.0	36.0	37.0
Dar-CJol_003-Ex1-7A-ssl-1-1.2	57.0	1686.0	11212.0	26584.0	34304.0	35165.0	36978.0	43681.0	56647.0	83289.0	130167.0	202846.0	338612.0	797186.0	980543.0	521376.0	438984.0	547465.0	732271.0	1010917.0	1481473.0	2388236.0	4354241.0	9536840.0	22170003.0	19482228.0	161112.0
	14.0	15.0	16.0	17.0	18.0	19.0	20.0	21.0	22.0	23.0	24.0	25.0	26.0	27.0	28.0	29.0	30.0	31.0	32.0	33.0	34.0	35.0	36.0	37.0
Dar-CJol_003-Ex1-8A-ssl-1-1.1	35.0	314.0	1276.0	2775.0	4999.0	7677.0	11345.0	16785.0	25320.0	38939.0	62408.0	98598.0	147720.0	210569.0	293338.0	405056.0	546704.0	745727.0	1060514.0	1767764.0	4095893.0	11090324.0	52274216.0	1674103.0
	11.0	12.0	13.0	14.0	15.0	16.0	17.0	18.0	19.0	20.0	21.0	22.0	23.0	24.0	25.0	26.0	27.0	28.0	29.0	30.0	31.0	32.0	33.0	34.0	35.0	36.0	37.0
Dar-CJol_003-Ex1-8A-ssl-1-1.2	18.0	1606.0	11053.0	25993.0	33904.0	34661.0	36239.0	42192.0	55535.0	82488.0	128844.0	201244.0	320318.0	694460.0	840144.0	489535.0	455464.0	574109.0	766522.0	1054394.0	1540963.0	2470224.0	4481959.0	9916849.0	24856149.0	25233747.0	233785.0
	14.0	15.0	16.0	17.0	18.0	19.0	20.0	21.0	22.0	23.0	24.0	25.0	26.0	27.0	28.0	29.0	30.0	31.0	32.0	33.0	34.0	35.0	36.0	37.0
Dar-CJol_003-Ex1-9A-ssl-1-1.1	15.0	190.0	867.0	1999.0	3587.0	5898.0	9337.0	14672.0	23106.0	37553.0	60488.0	97296.0	147463.0	212046.0	296158.0	409740.0	556642.0	757014.0	1075225.0	1686289.0	3593350.0	12671327.0	55032280.0	1713144.0
	11.0	12.0	13.0	14.0	15.0	16.0	17.0	18.0	19.0	20.0	21.0	22.0	23.0	24.0	25.0	26.0	27.0	28.0	29.0	30.0	31.0	32.0	33.0	34.0	35.0	36.0	37.0
Dar-CJol_003-Ex1-9A-ssl-1-1.2	47.0	2184.0	14997.0	34329.0	42652.0	42337.0	42521.0	48111.0	62879.0	93391.0	147867.0	233325.0	384433.0	871784.0	1153872.0	652031.0	529928.0	656606.0	879594.0	1211879.0	1782829.0	2880038.0	5265769.0	11549720.0	26825264.0	22832730.0	164569.0

