	23.0	24.0	25.0	26.0	27.0	28.0	29.0	30.0	31.0	32.0	33.0	34.0	35.0	36.0	37.0	38.0	39.0	40.0
Sde-CMat_061-Ex1-7A-ssl.clmp.fp2_repr.R1	1.0	21.0	434.0	3296.0	15642.0	55169.0	145157.0	310161.0	572984.0	957321.0	1476044.0	2132013.0	2857629.0	3507346.0	3916258.0	4135827.0	4558134.0	4029779.0
	22.0	23.0	24.0	25.0	26.0	27.0	28.0	29.0	30.0	31.0	32.0	33.0	34.0	35.0	36.0	37.0	38.0	39.0	40.0
Sde-CMat_061-Ex1-7A-ssl.clmp.fp2_repr.R2	11.0	325.0	3564.0	20876.0	71114.0	171948.0	322590.0	510825.0	728402.0	973795.0	1244568.0	1546593.0	1884316.0	2244411.0	2615003.0	3008206.0	3479629.0	4246255.0	5600785.0
	23.0	24.0	25.0	26.0	27.0	28.0	29.0	30.0	31.0	32.0	33.0	34.0	35.0	36.0	37.0	38.0	39.0	40.0
Sde-CMat_061-Ex1-8A-ssl.clmp.fp2_repr.R1	5.0	99.0	1113.0	8668.0	42746.0	147046.0	383090.0	810741.0	1477405.0	2422211.0	3687712.0	5269238.0	7030815.0	8644603.0	9702030.0	10296661.0	11472728.0	9958201.0
	22.0	23.0	24.0	25.0	26.0	27.0	28.0	29.0	30.0	31.0	32.0	33.0	34.0	35.0	36.0	37.0	38.0	39.0	40.0
Sde-CMat_061-Ex1-8A-ssl.clmp.fp2_repr.R2	21.0	677.0	7825.0	45220.0	155263.0	374467.0	708242.0	1136845.0	1640867.0	2210643.0	2861581.0	3601381.0	4451237.0	5394835.0	6417462.0	7572263.0	9072664.0	11470942.0	14232677.0
	23.0	24.0	25.0	26.0	27.0	28.0	29.0	30.0	31.0	32.0	33.0	34.0	35.0	36.0	37.0	38.0	39.0	40.0
Sde-CMat_061-Ex1-9A-ssl.clmp.fp2_repr.R1	2.0	31.0	371.0	2995.0	14976.0	51666.0	135301.0	287345.0	527726.0	873545.0	1342227.0	1932800.0	2576898.0	3153877.0	3519548.0	3727115.0	4180669.0	3769621.0
	22.0	23.0	24.0	25.0	26.0	27.0	28.0	29.0	30.0	31.0	32.0	33.0	34.0	35.0	36.0	37.0	38.0	39.0	40.0
Sde-CMat_061-Ex1-9A-ssl.clmp.fp2_repr.R2	7.0	238.0	3182.0	17805.0	61383.0	147916.0	278793.0	443915.0	632855.0	847737.0	1091234.0	1362874.0	1664055.0	1992146.0	2333291.0	2696333.0	3149102.0	3947304.0	5426543.0

