NC_044472.1@rrnS	NODE_81629_length_2409_cov_2.657143	80.31	828	139	18	131	947	2409	1595	6e-171	  604
NC_044472.1@rrnS	NODE_347412_length_517_cov_4713.275120	82.43	518	83	6	8	518	1	517	4e-123	  446
NC_044472.1@rrnS	NODE_98631_length_1984_cov_4679.593103	83.75	363	35	16	604	947	1975	1618	7e-86	  322
NC_044472.1@rrnS	NODE_576079_length_278_cov_147.513966	84.95	279	35	4	421	693	278	1	6e-72	  276
NC_044472.1@rrnS	NODE_749182_length_150_cov_1048.901961	92.50	120	9	0	480	599	131	12	8e-41	  172
NC_044472.1@rrnS	NODE_775764_length_136_cov_61.432432	88.24	136	10	1	513	642	1	136	2e-36	  158
NC_044472.1@rrnS	NODE_798448_length_127_cov_455.892857	88.19	127	10	1	520	641	127	1	5e-33	  147
NC_044472.1@rrnS	NODE_973632_length_100_cov_412.000000	93.18	88	6	0	512	599	100	13	5e-28	  130
NC_044472.1@rrnS	NODE_885476_length_107_cov_235.750000	93.18	88	6	0	512	599	1	88	5e-28	  130
NC_044472.1@rrnS	NODE_892779_length_106_cov_391.857143	93.10	87	6	0	513	599	106	20	2e-27	  128
NC_044472.1@rrnS	NODE_891747_length_107_cov_6.750000	92.05	88	7	0	512	599	107	20	2e-26	  124
NC_044472.1@rrnL	NODE_98631_length_1984_cov_4679.593103	84.71	1485	180	35	77	1533	1466	1	0.0	 1441
NC_044472.1@rrnL	NODE_81629_length_2409_cov_2.657143	76.56	1455	273	58	95	1515	1421	1	0.0	  736
NC_044472.1@rrnL	NODE_131498_length_1456_cov_4447.984525	89.29	224	22	2	1435	1657	1456	1234	8e-73	  279
NC_044472.1@rrnL	NODE_5020_length_14136_cov_2.976419	87.95	224	26	1	1435	1657	14136	13913	8e-68	  263
NC_044472.1@COX1	NODE_279201_length_631_cov_4835.915414	83.16	481	81	0	1	481	151	631	3e-121	  440
NC_044472.1@COX2	NODE_45433_length_4032_cov_5140.913552	82.71	694	114	5	1	691	1169	1859	3e-173	  612
NC_044472.1@COX3	NODE_45433_length_4032_cov_5140.913552	83.44	785	130	0	1	785	2777	3561	0.0	  730
NC_044472.1@ND5	NODE_40600_length_4391_cov_4799.949441	77.22	1817	402	12	1	1811	1902	3712	0.0	 1051
NC_044472.1@ND5	NODE_615753_length_250_cov_0.675497	98.00	250	5	0	1325	1574	1	250	2e-119	  435
