NC_029714.1@rrnS	NODE_22082_length_11083_cov_3406.730790	99.79	954	1	1	1	953	10134	9181	0.0	 1749
NC_029714.1@rrnS	NODE_7173_length_16713_cov_5.145420	80.08	733	125	18	1	722	723	1	8e-147	  525
NC_029714.1@rrnS	NODE_7173_length_16713_cov_5.145420	79.14	278	42	12	684	953	16713	16444	2e-42	  178
NC_029714.1@rrnS	NODE_251984_length_570_cov_39.403397	93.59	312	18	2	540	849	142	453	2e-128	  464
NC_029714.1@rrnS	NODE_84455_length_4692_cov_1.650991	78.82	439	78	13	517	948	1	431	2e-73	  281
NC_029714.1@rrnL	NODE_22082_length_11083_cov_3406.730790	99.82	1660	1	1	1	1660	9108	7451	0.0	 3048
NC_029714.1@rrnL	NODE_7173_length_16713_cov_5.145420	76.93	1474	269	60	129	1561	16237	14794	0.0	  773
NC_029714.1@rrnL	NODE_84455_length_4692_cov_1.650991	81.26	811	124	21	829	1619	1354	2156	3e-178	  630
NC_029714.1@rrnL	NODE_84455_length_4692_cov_1.650991	80.00	355	53	12	66	412	584	928	1e-62	  246
NC_029714.1@rrnL	NODE_416880_length_260_cov_1.701863	98.08	260	5	0	898	1157	1	260	6e-125	  453
NC_029714.1@rrnL	NODE_64416_length_5922_cov_36.997767	99.44	179	1	0	1342	1520	388	210	1e-86	  326
NC_029714.1@rrnL	NODE_64416_length_5922_cov_36.997767	99.44	179	1	0	1342	1520	5535	5713	1e-86	  326
NC_029714.1@rrnL	NODE_423333_length_256_cov_2.834395	99.15	118	1	0	1543	1660	1	118	1e-52	  213
NC_029714.1@ND1	NODE_22082_length_11083_cov_3406.730790	99.69	966	3	0	1	966	7375	6410	0.0	 1768
NC_029714.1@ND1	NODE_220756_length_886_cov_12.843710	100.00	90	0	0	778	867	1	90	5e-39	  167
NC_029714.1@ND1	NODE_423333_length_256_cov_2.834395	95.24	63	3	0	1	63	194	256	5e-19	  100
NC_029714.1@ND2	NODE_22082_length_11083_cov_3406.730790	99.71	1045	3	0	1	1045	6198	5154	0.0	 1914
NC_029714.1@ND2	NODE_426886_length_254_cov_1.451613	98.14	161	3	0	885	1045	254	94	2e-73	  281
NC_029714.1@COX1	NODE_22082_length_11083_cov_3406.730790	99.81	1551	3	0	1	1551	4769	3219	0.0	 2848
NC_029714.1@COX1	NODE_353299_length_316_cov_1.244240	98.73	316	4	0	372	687	1	316	9e-158	  562
NC_029714.1@COX1	NODE_207613_length_1071_cov_19.300412	100.00	64	0	0	35	98	1008	1071	2e-24	  119
NC_029714.1@COX2	NODE_22082_length_11083_cov_3406.730790	99.71	691	2	0	1	691	3060	2370	0.0	 1266
NC_029714.1@ATP8	NODE_22082_length_11083_cov_3406.730790	100.00	168	0	0	1	168	2295	2128	3e-83	  311
NC_029714.1@ATP8	NODE_287805_length_440_cov_32.941349	95.62	160	6	1	9	168	97	255	2e-66	  255
NC_029714.1@ATP6	NODE_22082_length_11083_cov_3406.730790	99.85	684	1	0	1	684	2137	1454	0.0	 1258
NC_029714.1@COX3	NODE_22082_length_11083_cov_3406.730790	99.87	784	1	0	1	784	1454	671	0.0	 1443
NC_029714.1@COX3	NODE_96039_length_4127_cov_1.393247	80.74	623	120	0	157	779	1739	1117	3e-135	  486
NC_029714.1@ND3	NODE_22082_length_11083_cov_3406.730790	99.71	349	1	0	1	349	600	252	0.0	  640
NC_029714.1@ND4L	NODE_562566_length_195_cov_2547.583333	100.00	195	0	0	86	280	195	1	7e-98	  361
NC_029714.1@ND4L	NODE_548565_length_198_cov_45.080808	99.49	198	1	0	83	280	1	198	7e-98	  361
NC_029714.1@ND4L	NODE_547896_length_198_cov_88.878788	99.49	198	1	0	84	281	1	198	7e-98	  361
NC_029714.1@ND4L	NODE_559132_length_196_cov_37.597938	99.49	196	1	0	86	281	196	1	8e-97	  357
NC_029714.1@ND4L	NODE_562581_length_195_cov_320.729167	99.49	195	1	0	86	280	195	1	3e-96	  355
NC_029714.1@ND4L	NODE_551947_length_198_cov_22.181818	98.99	198	2	0	83	280	1	198	3e-96	  355
NC_029714.1@ND4L	NODE_548249_length_198_cov_51.151515	98.99	198	2	0	84	281	1	198	3e-96	  355
NC_029714.1@ND4L	NODE_560880_length_196_cov_26.412371	98.98	196	2	0	86	281	196	1	4e-95	  351
NC_029714.1@ND4L	NODE_22082_length_11083_cov_3406.730790	100.00	180	0	0	1	180	180	1	1e-89	  333
NC_029714.1@ND4L	NODE_70546_length_5505_cov_3224.424158	100.00	114	0	0	184	297	5505	5392	7e-53	  211
NC_029714.1@ND4L	NODE_1384788_length_101_cov_2522.000000	100.00	101	0	0	84	184	1	101	1e-45	  187
NC_029714.1@ND4L	NODE_1479123_length_100_cov_2605.000000	100.00	100	0	0	83	182	100	1	4e-45	  185
NC_029714.1@ND4L	NODE_1477908_length_100_cov_3085.000000	100.00	100	0	0	182	281	100	1	4e-45	  185
NC_029714.1@ND4L	NODE_1477708_length_100_cov_3178.000000	100.00	100	0	0	183	282	100	1	4e-45	  185
NC_029714.1@ND4L	NODE_1477675_length_100_cov_3192.000000	100.00	100	0	0	82	181	1	100	4e-45	  185
NC_029714.1@ND4L	NODE_1611250_length_100_cov_29.000000	100.00	99	0	0	184	282	99	1	2e-44	  183
NC_029714.1@ND4L	NODE_1550694_length_100_cov_144.000000	100.00	99	0	0	183	281	2	100	2e-44	  183
NC_029714.1@ND4L	NODE_1533433_length_100_cov_212.000000	100.00	99	0	0	82	180	1	99	2e-44	  183
NC_029714.1@ND4L	NODE_1500374_length_100_cov_597.000000	100.00	99	0	0	83	181	1	99	2e-44	  183
NC_029714.1@ND4L	NODE_1376702_length_102_cov_31.333333	100.00	99	0	0	186	284	4	102	2e-44	  183
NC_029714.1@ND4L	NODE_1396268_length_101_cov_501.500000	100.00	98	0	0	84	181	1	98	5e-44	  182
NC_029714.1@ND4	NODE_70546_length_5505_cov_3224.424158	99.78	1381	3	0	1	1381	5398	4018	0.0	 2534
NC_029714.1@ND5	NODE_70546_length_5505_cov_3224.424158	99.62	1821	7	0	1	1821	3802	1982	0.0	 3325
NC_029714.1@ND5	NODE_42457_length_7898_cov_28.998333	92.35	170	12	1	1536	1704	4465	4296	6e-61	  241
NC_029714.1@ND5	NODE_22499_length_10991_cov_28.724109	97.60	125	3	0	1537	1661	10991	10867	4e-53	  215
NC_029714.1@ND5	NODE_84186_length_4705_cov_25.810682	98.99	99	1	0	423	521	4607	4705	5e-42	  178
NC_029714.1@ND6	NODE_70546_length_5505_cov_3224.424158	99.81	516	1	0	1	516	1470	1985	0.0	  948
NC_029714.1@ND6	NODE_18499_length_11979_cov_19.988384	76.58	444	92	11	79	516	1379	942	3e-59	  233
NC_029714.1@CYTB	NODE_70546_length_5505_cov_3224.424158	99.82	1138	2	0	1	1138	1400	263	0.0	 2091
